-70.22,44.63
-70.56,47.95
-70.74,51.33
-70.76,54.75
-70.61,58.22
-70.30,61.72
-69.83,65.24
-69.19,68.78
-68.37,72.32
-67.39,75.87
-66.23,79.41
-64.90,82.94
-63.40,86.45
-61.73,89.92
-59.89,93.35
-57.88,96.74
-55.71,100.07
-53.36,103.34
-50.86,106.53
-48.19,109.65
-45.37,112.68
-42.40,115.62
-39.27,118.46
-36.00,121.19
-32.59,123.80
-29.04,126.29
-25.36,128.65
-21.55,130.88
-17.63,132.97
-13.59,134.91
-9.44,136.70
-5.19,138.34
-0.85,139.81
3.59,141.11
8.10,142.24
12.68,143.20
17.34,143.98
22.04,144.58
26.80,144.99
31.60,145.21
36.44,145.25
41.30,145.09
46.18,144.74
51.06,144.20
55.95,143.46
60.83,142.53
65.69,141.40
70.53,140.07
75.33,138.55
80.09,136.84
84.80,134.94
89.45,132.85
94.04,130.57
98.55,128.11
102.97,125.46
107.31,122.64
111.55,119.64
115.68,116.48
119.69,113.15
123.59,109.65
127.36,106.00
130.99,102.21
134.48,98.26
137.83,94.18
141.02,89.97
144.06,85.63
146.93,81.17
149.63,76.60
152.16,71.92
154.51,67.15
156.67,62.29
158.65,57.34
160.45,52.33
162.04,47.24
163.45,42.10
164.66,36.91
165.66,31.68
166.47,26.41
167.08,21.13
167.48,15.82
167.68,10.52
167.68,5.21
167.47,-0.09
167.07,-5.36
166.46,-10.61
165.65,-15.82
164.65,-20.99
163.45,-26.11
162.06,-31.16
160.49,-36.14
158.72,-41.05
156.78,-45.87
154.65,-50.60
152.36,-55.23
149.89,-59.75
147.26,-64.16
144.48,-68.44
141.54,-72.60
138.45,-76.63
135.23,-80.51
131.87,-84.26
128.38,-87.85
124.77,-91.29
121.05,-94.56
117.23,-97.68
113.30,-100.62
109.29,-103.39
105.19,-105.99
101.02,-108.41
96.78,-110.65
92.48,-112.71
88.13,-114.58
83.74,-116.27
79.31,-117.77
74.86,-119.08
70.39,-120.20
65.91,-121.14
61.44,-121.89
56.97,-122.45
52.51,-122.83
48.09,-123.02
43.69,-123.03
39.33,-122.86
35.02,-122.51
30.77,-121.99
26.58,-121.30
22.47,-120.45
18.43,-119.43
14.47,-118.25
10.61,-116.92
6.84,-115.44
3.18,-113.81
-0.37,-112.05
-3.81,-110.16
-7.12,-108.14
-10.30,-106.00
-13.36,-103.75
-16.28,-101.39
-19.06,-98.93
-21.69,-96.38
-24.18,-93.74
-26.51,-91.03
-28.69,-88.24
-30.72,-85.40
-32.58,-82.49
-34.29,-79.54
-35.83,-76.55
-37.22,-73.53
-38.44,-70.49
-39.49,-67.43
-40.38,-64.36
-41.11,-61.30
-41.68,-58.24
-42.09,-55.19
-42.33,-52.17
-42.43,-49.19
-42.36,-46.24
-42.14,-43.34
-41.78,-40.49
-41.27,-37.70
-40.61,-34.98
-39.82,-32.33
-38.89,-29.77
-37.84,-27.29
-36.66,-24.90
-35.36,-22.62
-33.95,-20.44
-32.42,-18.36
-30.80,-16.41
-29.08,-14.57
-27.27,-12.86
-25.38,-11.27
-23.41,-9.82
-21.38,-8.51
-19.28,-7.33
-17.12,-6.29
-14.92,-5.40
-12.68,-4.65
-10.40,-4.06
-8.10,-3.61
-5.79,-3.31
-3.46,-3.16
-1.13,-3.16
1.19,-3.31
3.50,-3.61
5.79,-4.07
8.05,-4.67
10.27,-5.41
12.45,-6.31
14.58,-7.34
16.65,-8.51
18.65,-9.82
20.58,-11.27
22.43,-12.84
24.20,-14.54
25.87,-16.36
27.44,-18.30
28.91,-20.35
30.27,-22.50
31.51,-24.76
32.63,-27.11
33.63,-29.55
34.49,-32.07
35.22,-34.67
35.81,-37.34
36.25,-40.08
36.55,-42.86
36.70,-45.70
36.70,-48.58
36.54,-51.50
36.22,-54.44
35.75,-57.40
35.11,-60.37
34.32,-63.34
33.36,-66.31
32.24,-69.26
30.96,-72.20
29.52,-75.11
27.92,-77.98
26.16,-80.80
24.24,-83.58
22.16,-86.29
19.94,-88.94
17.56,-91.51
15.04,-94.00
12.37,-96.40
9.56,-98.71
6.62,-100.91
3.54,-103.00
0.34,-104.97
-2.98,-106.82
-6.42,-108.54
-9.97,-110.13
-13.62,-111.57
-17.38,-112.87
-21.22,-114.02
-25.15,-115.02
-29.16,-115.85
-33.24,-116.52
-37.39,-117.02
-41.59,-117.35
-45.84,-117.50
-50.13,-117.48
-54.45,-117.28
-58.80,-116.89
-63.17,-116.33
-67.55,-115.58
-71.92,-114.64
-76.29,-113.52
-80.65,-112.21
-84.97,-110.71
-89.27,-109.03
-93.53,-107.16
-97.73,-105.11
-101.88,-102.88
-105.97,-100.48
-109.98,-97.89
-113.90,-95.13
-117.74,-92.20
-121.48,-89.10
-125.12,-85.84
-128.65,-82.42
-132.05,-78.85
-135.34,-75.12
-138.48,-71.26
-141.49,-67.25
-144.36,-63.11
-147.07,-58.85
-149.63,-54.46
-152.02,-49.96
-154.25,-45.35
-156.30,-40.65
-158.18,-35.85
-159.87,-30.96
-161.39,-26.00
-162.71,-20.97
-163.84,-15.88
-164.78,-10.74
-165.52,-5.55
-166.07,-0.32
-166.41,4.94
-166.56,10.21
-166.50,15.49
-166.24,20.78
-165.77,26.06
-165.11,31.33
-164.24,36.57
-163.17,41.78
-161.91,46.95
-160.44,52.07
-158.79,57.14
-156.94,62.13
-154.90,67.06
-152.67,71.90
-150.26,76.65
-147.67,81.31
-144.91,85.86
-141.98,90.30
-138.89,94.62
-135.63,98.81
-132.22,102.87
-128.67,106.79
-124.97,110.57
-121.14,114.20
-117.18,117.67
-113.10,120.98
-108.90,124.12
-104.60,127.09
-100.20,129.89
-95.71,132.51
-91.13,134.95
-86.48,137.20
-81.75,139.27
-76.97,141.14
-72.14,142.82
-67.27,144.31
-62.36,145.61
-57.42,146.70
-52.47,147.60
-47.51,148.31
-42.55,148.81
-37.60,149.13
-32.66,149.24
-27.75,149.17
-22.87,148.90
-18.04,148.44
-13.25,147.80
-8.52,146.97
-3.86,145.96
0.73,144.78
5.24,143.42
9.66,141.89
13.99,140.20
18.22,138.35
22.33,136.35
26.34,134.20
30.22,131.90
33.98,129.47
37.60,126.90
41.09,124.22
44.44,121.41
47.64,118.49
50.69,115.48
53.58,112.36
56.32,109.16
58.89,105.87
61.30,102.51
63.55,99.09
65.62,95.61
67.53,92.08
69.26,88.50
70.82,84.90
72.21,81.27
73.42,77.62
74.46,73.96
75.33,70.30
76.03,66.65
76.55,63.01
76.90,59.40
77.09,55.81
77.12,52.27
76.98,48.77
76.68,45.32
76.22,41.94
75.62,38.62
74.86,35.38
73.96,32.21
72.93,29.14
71.76,26.16
70.46,23.28
69.03,20.50
67.49,17.84
65.84,15.29
64.08,12.87
62.23,10.56
60.28,8.39
58.24,6.36
56.13,4.45
53.95,2.69
51.70,1.08
49.40,-0.39
47.04,-1.72
44.65,-2.89
42.22,-3.91
39.76,-4.78
37.29,-5.49
34.81,-6.06
32.32,-6.47
29.84,-6.72
27.37,-6.82
24.92,-6.78
22.50,-6.58
20.11,-6.23
17.77,-5.74
15.48,-5.11
13.24,-4.33
11.07,-3.42
8.97,-2.38
6.95,-1.20
5.01,0.09
3.17,1.51
1.42,3.05
-0.23,4.70
-1.77,6.45
-3.20,8.30
-4.50,10.24
-5.69,12.28
-6.74,14.39
-7.67,16.58
-8.46,18.84
-9.11,21.15
-9.62,23.52
-9.98,25.94
-10.20,28.40
-10.27,30.89
-10.18,33.41
-9.95,35.94
-9.56,38.48
-9.01,41.02
-8.31,43.55
-7.46,46.08
-6.45,48.57
-5.29,51.04
-3.98,53.47
-2.52,55.86
-0.91,58.19
0.85,60.47
2.75,62.67
4.79,64.80
6.97,66.85
9.28,68.81
11.72,70.67
14.29,72.43
16.97,74.09
19.77,75.62
22.68,77.04
25.70,78.33
28.81,79.49
32.02,80.51
35.31,81.39
38.68,82.12
42.13,82.70
45.64,83.12
49.21,83.39
52.84,83.50
56.50,83.44
60.21,83.21
63.94,82.81
67.69,82.25
71.46,81.50
75.23,80.59
79.00,79.50
82.75,78.23
86.49,76.79
90.20,75.17
93.87,73.38
97.50,71.42
101.08,69.28
104.60,66.97
108.05,64.50
111.42,61.86
114.71,59.05
117.91,56.09
121.01,52.97
124.01,49.70
126.89,46.29
129.65,42.73
132.29,39.03
134.79,35.21
137.15,31.25
139.37,27.18
141.44,22.98
143.35,18.69
145.10,14.29
146.69,9.79
148.10,5.21
149.34,0.55
150.40,-4.19
151.28,-8.99
151.97,-13.85
152.47,-18.76
152.78,-23.70
152.90,-28.69
152.83,-33.69
152.56,-38.71
152.09,-43.74
151.42,-48.77
150.56,-53.79
149.49,-58.79
148.24,-63.77
146.78,-68.71
145.13,-73.60
143.29,-78.45
141.25,-83.23
139.03,-87.95
136.62,-92.59
134.03,-97.14
131.26,-101.60
128.31,-105.97
125.20,-110.22
121.91,-114.36
118.47,-118.38
114.87,-122.27
111.12,-126.02
107.22,-129.63
103.18,-133.10
99.02,-136.41
94.72,-139.56
90.31,-142.54
85.78,-145.36
81.16,-148.00
76.43,-150.46
71.61,-152.74
66.72,-154.84
61.75,-156.74
56.71,-158.45
51.62,-159.97
46.47,-161.29
41.29,-162.41
36.08,-163.34
30.84,-164.06
25.59,-164.58
20.33,-164.89
15.07,-165.01
9.83,-164.92
4.61,-164.64
-0.59,-164.15
-5.75,-163.47
-10.86,-162.59
-15.92,-161.52
-20.92,-160.26
-25.85,-158.81
-30.71,-157.18
-35.47,-155.37
-40.15,-153.38
-44.73,-151.22
-49.20,-148.90
-53.55,-146.42
-57.79,-143.78
-61.90,-140.99
-65.87,-138.05
-69.71,-134.98
-73.41,-131.78
-76.95,-128.45
-80.35,-125.01
-83.58,-121.45
-86.65,-117.80
-89.56,-114.04
-92.30,-110.20
-94.86,-106.28
-97.25,-102.29
-99.46,-98.24
-101.49,-94.12
-103.34,-89.96
-105.01,-85.77
-106.49,-81.54
-107.79,-77.28
-108.90,-73.02
-109.83,-68.74
-110.58,-64.47
-111.14,-60.21
-111.52,-55.97
-111.73,-51.75
-111.75,-47.57
-111.60,-43.43
-111.28,-39.34
-110.79,-35.31
-110.14,-31.35
-109.32,-27.45
-108.34,-23.64
-107.22,-19.91
-105.94,-16.27
-104.52,-12.74
-102.97,-9.31
-101.28,-5.98
-99.47,-2.78
-97.53,0.30
-95.48,3.26
-93.33,6.08
-91.07,8.77
-88.73,11.32
-86.29,13.73
-83.78,15.99
-81.19,18.10
-78.54,20.06
-75.84,21.86
-73.08,23.51
-70.29,25.00
-67.46,26.33
-64.60,27.50
-61.73,28.51
-58.85,29.36
-55.97,30.05
-53.09,30.59
-50.23,30.96
-47.39,31.17
-44.58,31.24
-41.81,31.14
-39.08,30.90
-36.40,30.51
-33.78,29.98
-31.23,29.31
-28.74,28.50
-26.34,27.56
-24.03,26.48
-21.80,25.29
-19.67,23.98
-17.65,22.55
-15.73,21.02
-13.93,19.39
-12.25,17.66
-10.69,15.84
-9.25,13.94
-7.95,11.96
-6.78,9.91
-5.75,7.80
-4.86,5.64
-4.12,3.43
-3.52,1.18
-3.06,-1.10
-2.76,-3.41
-2.61,-5.74
-2.60,-8.07
-2.75,-10.41
-3.05,-12.74
-3.50,-15.06
-4.09,-17.36
-4.84,-19.63
-5.74,-21.86
-6.78,-24.05
-7.96,-26.18
-9.28,-28.26
-10.75,-30.27
-12.34,-32.21
-14.07,-34.07
-15.92,-35.84
-17.90,-37.52
-20.00,-39.10
-22.21,-40.57
-24.52,-41.93
-26.94,-43.18
-29.46,-44.30
-32.07,-45.30
-34.76,-46.16
-37.53,-46.89
-40.38,-47.47
-43.29,-47.91
-46.26,-48.20
-49.28,-48.34
-52.34,-48.33
-55.44,-48.16
-58.57,-47.82
-61.72,-47.33
-64.88,-46.67
-68.04,-45.85
-71.21,-44.87
-74.36,-43.72
-77.50,-42.40
-80.61,-40.92
-83.68,-39.28
-86.72,-37.47
-89.70,-35.50
-92.62,-33.38
-95.48,-31.09
-98.27,-28.65
-100.97,-26.06
-103.59,-23.32
-106.11,-20.43
-108.52,-17.41
-110.83,-14.25
-113.02,-10.95
-115.09,-7.53
-117.03,-3.99
-118.84,-0.33
-120.50,3.44
-122.02,7.31
-123.39,11.28
-124.60,15.34
-125.65,19.49
-126.53,23.72
-127.25,28.01
-127.79,32.37
-128.15,36.78
-128.34,41.24
-128.35,45.74
-128.17,50.27
-127.80,54.82
-127.25,59.39
-126.51,63.96
-125.58,68.54
-124.46,73.10
-123.15,77.64
-121.65,82.16
-119.96,86.65
-118.09,91.08
-116.03,95.47
-113.78,99.80
-111.36,104.06
-108.75,108.24
-105.97,112.34
-103.01,116.35
-99.89,120.26
-96.60,124.06
-93.15,127.74
-89.55,131.30
-85.79,134.74
-81.89,138.04
-77.85,141.20
-73.68,144.21
-69.38,147.07
-64.95,149.77
-60.42,152.30
-55.77,154.66
-51.03,156.85
-46.19,158.86
-41.27,160.69
-36.27,162.34
-31.20,163.79
-26.07,165.05
-20.89,166.11
-15.66,166.98
-10.40,167.65
-5.11,168.11
0.20,168.38
5.52,168.44
10.84,168.30
16.16,167.96
21.46,167.41
26.74,166.66
31.98,165.71
37.19,164.56
42.34,163.22
47.44,161.68
52.47,159.94
57.42,158.02
62.30,155.92
67.08,153.63
71.77,151.16
76.35,148.52
80.82,145.71
85.17,142.74
89.40,139.61
93.49,136.33
97.45,132.90
101.26,129.33
104.92,125.63
108.43,121.80
111.77,117.85
114.95,113.79
117.96,109.62
120.80,105.35
123.46,101.00
125.94,96.56
128.24,92.05
130.35,87.47
132.27,82.84
134.00,78.15
135.55,73.42
136.89,68.66
138.05,63.88
139.01,59.08
139.77,54.27
140.35,49.47
140.73,44.67
140.92,39.89
140.92,35.14
140.73,30.43
140.35,25.75
139.80,21.13
139.06,16.56
138.15,12.06
137.06,7.63
135.80,3.29
134.38,-0.97
132.80,-5.13
131.07,-9.20
129.19,-13.15
127.16,-16.99
124.99,-20.71
122.69,-24.30
120.27,-27.77
117.72,-31.10
115.07,-34.28
112.31,-37.33
109.45,-40.22
106.50,-42.96
103.46,-45.54
100.35,-47.97
97.17,-50.23
93.93,-52.33
90.64,-54.27
87.30,-56.03
83.93,-57.63
80.52,-59.06
77.10,-60.32
73.67,-61.41
70.23,-62.33
66.79,-63.08
63.36,-63.66
59.96,-64.08
56.58,-64.33
53.23,-64.42
49.93,-64.35
46.68,-64.12
43.49,-63.74
40.36,-63.21
37.30,-62.54
34.31,-61.72
31.42,-60.76
28.61,-59.67
25.90,-58.46
23.29,-57.12
20.79,-55.66
18.40,-54.10
16.13,-52.42
13.99,-50.66
11.97,-48.79
10.08,-46.85
8.32,-44.82
6.71,-42.73
5.23,-40.57
3.90,-38.35
2.71,-36.09
1.68,-33.78
0.79,-31.44
0.05,-29.07
-0.54,-26.68
-0.97,-24.29
-1.25,-21.89
-1.38,-19.49
-1.36,-17.11
-1.19,-14.74
-0.87,-12.41
-0.40,-10.11
0.21,-7.85
0.96,-5.64
1.86,-3.49
2.89,-1.40
4.05,0.62
5.35,2.56
6.76,4.41
8.30,6.17
9.96,7.84
11.73,9.40
13.60,10.86
15.57,12.20
17.64,13.43
19.79,14.53
22.03,15.50
24.34,16.34
26.72,17.04
29.16,17.60
31.66,18.02
34.20,18.29
36.79,18.42
39.41,18.39
42.05,18.21
44.71,17.88
47.38,17.39
50.06,16.75
52.73,15.95
55.38,14.99
58.01,13.87
60.62,12.60
63.18,11.18
65.70,9.60
68.17,7.87
70.58,5.99
72.93,3.97
75.19,1.80
77.38,-0.51
79.48,-2.96
81.48,-5.54
83.38,-8.24
85.17,-11.08
86.84,-14.03
88.39,-17.09
89.82,-20.27
91.11,-23.54
92.26,-26.92
93.27,-30.38
94.13,-33.93
94.84,-37.56
95.39,-41.25
95.78,-45.01
96.01,-48.83
96.07,-52.69
95.96,-56.60
95.68,-60.54
95.23,-64.50
94.59,-68.48
93.78,-72.47
92.79,-76.47
91.63,-80.45
90.28,-84.42
88.75,-88.37
87.05,-92.28
85.16,-96.16
83.10,-99.98
80.87,-103.76
78.46,-107.46
75.88,-111.10
73.13,-114.65
70.22,-118.12
67.15,-121.49
63.92,-124.76
60.54,-127.92
57.00,-130.96
53.33,-133.88
49.51,-136.67
45.57,-139.32
41.49,-141.82
37.29,-144.18
32.98,-146.39
28.56,-148.43
24.04,-150.31
19.42,-152.02
14.72,-153.55
9.93,-154.91
5.07,-156.08
0.15,-157.07
-4.83,-157.87
-9.86,-158.48
-14.93,-158.89
-20.03,-159.11
-25.15,-159.13
-30.29,-158.95
-35.44,-158.58
-40.59,-158.00
-45.72,-157.23
-50.84,-156.25
-55.93,-155.07
-60.98,-153.70
-65.99,-152.13
-70.94,-150.37
-75.84,-148.41
-80.66,-146.27
-85.41,-143.93
-90.07,-141.42
-94.64,-138.72
-99.10,-135.85
-103.46,-132.80
-107.71,-129.59
-111.83,-126.22
-115.82,-122.69
-119.67,-119.01
-123.38,-115.19
-126.94,-111.22
-130.35,-107.13
-133.60,-102.90
-136.69,-98.56
-139.60,-94.11
-142.34,-89.56
-144.90,-84.90
-147.28,-80.16
-149.48,-75.34
-151.48,-70.44
-153.29,-65.48
-154.91,-60.47
-156.34,-55.40
-157.56,-50.30
-158.59,-45.16
-159.41,-40.01
-160.04,-34.83
-160.46,-29.66
-160.69,-24.48
-160.71,-19.32
-160.54,-14.18
-160.17,-9.07
-159.61,-3.99
-158.85,1.04
-157.90,6.02
-156.76,10.93
-155.44,15.78
-153.94,20.55
-152.26,25.23
-150.41,29.82
-148.39,34.32
-146.20,38.70
-143.86,42.98
-141.37,47.13
-138.73,51.16
-135.95,55.06
-133.04,58.82
-129.99,62.43
-126.83,65.91
-123.55,69.22
-120.17,72.39
-116.69,75.39
-113.11,78.23
-109.45,80.90
-105.72,83.40
-101.92,85.73
-98.05,87.88
-94.13,89.85
-90.17,91.65
-86.18,93.27
-82.15,94.71
-78.11,95.96
-74.05,97.04
-70.00,97.94
-65.94,98.65
-61.90,99.19
-57.88,99.55
-53.89,99.74
-49.94,99.75
-46.03,99.60
-42.18,99.28
-38.38,98.79
-34.66,98.15
-31.00,97.34
-27.43,96.39
-23.94,95.29
-20.55,94.05
-17.26,92.67
-14.08,91.16
-11.00,89.52
-8.04,87.76
-5.21,85.89
-2.50,83.91
0.07,81.84
2.52,79.66
4.82,77.41
6.98,75.07
8.99,72.66
10.86,70.18
12.57,67.65
14.13,65.06
15.54,62.44
16.79,59.78
17.88,57.09
18.82,54.39
19.60,51.68
20.22,48.96
20.69,46.24
21.00,43.54
21.15,40.86
21.16,38.21
21.01,35.59
20.71,33.02
20.27,30.50
19.69,28.03
18.96,25.63
18.10,23.30
17.11,21.05
15.99,18.88
14.75,16.80
13.39,14.82
11.92,12.94
10.35,11.16
8.67,9.50
6.90,7.96
5.03,6.54
3.09,5.25
1.07,4.09
-1.02,3.06
-3.17,2.17
-5.38,1.42
-7.63,0.81
-9.92,0.35
-12.25,0.03
-14.60,-0.13
-16.97,-0.15
-19.35,-0.01
-21.73,0.28
-24.10,0.72
-26.47,1.31
-28.81,2.05
-31.12,2.95
-33.39,3.99
-35.63,5.17
-37.81,6.51
-39.93,7.98
-41.98,9.59
-43.96,11.34
-45.86,13.23
-47.68,15.24
-49.40,17.38
-51.02,19.64
-52.53,22.01
-53.93,24.49
-55.22,27.08
-56.38,29.77
-57.41,32.55
-58.31,35.43
-59.06,38.38
-59.68,41.40
-60.15,44.50
-60.47,47.66
-60.63,50.87
-60.64,54.12
-60.49,57.42
-60.17,60.74
-59.69,64.10
-59.05,67.46
-58.24,70.84
-57.26,74.21
-56.11,77.58
-54.79,80.93
-53.31,84.26
-51.65,87.55
-49.83,90.81
-47.85,94.01
-45.70,97.17
-43.38,100.25
-40.91,103.27
-38.28,106.21
-35.50,109.06
-32.57,111.81
-29.49,114.47
-26.27,117.02
-22.92,119.45
-19.43,121.76
-15.81,123.94
-12.07,125.99
-8.21,127.90
-4.25,129.66
-0.18,131.27
3.99,132.72
8.25,134.02
12.59,135.14
17.01,136.10
21.50,136.88
26.04,137.49
30.65,137.91
35.30,138.15
39.98,138.21
44.70,138.08
49.44,137.76
54.19,137.24
58.95,136.54
63.70,135.64
68.44,134.55
73.16,133.26
77.86,131.79
82.51,130.12
87.12,128.26
91.67,126.22
96.17,123.98
100.59,121.57
104.93,118.97
109.19,116.19
113.35,113.24
117.41,110.12
121.37,106.84
125.20,103.39
128.91,99.78
132.49,96.02
135.94,92.12
139.24,88.08
142.39,83.90
145.38,79.59
148.22,75.16
150.89,70.62
153.38,65.97
155.70,61.22
157.85,56.37
159.80,51.44
161.57,46.44
163.15,41.36
164.54,36.23
165.73,31.04
166.72,25.80
167.51,20.54
168.10,15.24
168.49,9.92
168.67,4.60
168.66,-0.73
168.43,-6.05
168.01,-11.36
167.38,-16.64
166.56,-21.88
165.53,-27.09
164.31,-32.25
162.90,-37.35
161.29,-42.38
159.50,-47.34
157.52,-52.21
155.36,-57.00
153.02,-61.69
150.51,-66.27
147.84,-70.75
145.00,-75.10
142.00,-79.33
138.86,-83.43
135.57,-87.39
132.14,-91.21
128.58,-94.87
124.90,-98.39
121.10,-101.74
117.19,-104.93
113.17,-107.96
109.06,-110.81
104.86,-113.49
100.58,-115.98
96.22,-118.30
91.81,-120.43
87.34,-122.38
82.82,-124.14
78.26,-125.71
73.67,-127.09
69.06,-128.27
64.43,-129.27
59.80,-130.08
55.17,-130.70
50.55,-131.13
45.95,-131.37
41.38,-131.42
36.85,-131.29
32.36,-130.98
27.92,-130.49
23.54,-129.83
19.23,-128.99
14.99,-127.98
10.83,-126.82
6.76,-125.49
2.79,-124.00
-1.08,-122.37
-4.85,-120.59
-8.50,-118.67
-12.03,-116.62
-15.43,-114.44
-18.71,-112.15
-21.85,-109.73
-24.85,-107.22
-27.71,-104.60
-30.42,-101.89
-32.98,-99.09
-35.38,-96.21
-37.63,-93.27
-39.72,-90.26
-41.65,-87.19
-43.41,-84.08
-45.01,-80.93
-46.45,-77.75
-47.71,-74.54
-48.82,-71.32
-49.75,-68.10
-50.52,-64.87
-51.13,-61.65
-51.57,-58.45
-51.85,-55.27
-51.97,-52.12
-51.94,-49.02
-51.75,-45.96
-51.41,-42.95
-50.92,-40.00
-50.28,-37.13
-49.51,-34.33
-48.60,-31.60
-47.55,-28.97
-46.39,-26.43
-45.10,-23.99
-43.69,-21.66
-42.18,-19.44
-40.56,-17.33
-38.84,-15.34
-37.03,-13.48
-35.14,-11.74
-33.17,-10.14
-31.13,-8.68
-29.02,-7.35
-26.86,-6.17
-24.65,-5.13
-22.39,-4.23
-20.11,-3.49
-17.79,-2.89
-15.46,-2.44
-13.12,-2.15
-10.77,-2.01
-8.43,-2.01
-6.10,-2.17
-3.78,-2.48
-1.50,-2.94
0.75,-3.54
2.95,-4.29
5.11,-5.18
7.21,-6.21
9.24,-7.37
11.21,-8.67
13.09,-10.10
14.90,-11.66
16.61,-13.33
18.22,-15.13
19.73,-17.03
21.13,-19.04
22.42,-21.16
23.59,-23.36
24.63,-25.66
25.54,-28.04
26.32,-30.50
26.97,-33.03
27.47,-35.62
27.83,-38.26
28.03,-40.96
28.09,-43.69
28.00,-46.47
27.75,-49.26
27.34,-52.08
26.78,-54.91
26.06,-57.74
25.18,-60.56
24.14,-63.38
22.94,-66.17
21.58,-68.94
20.06,-71.67
18.39,-74.36
16.57,-76.99
14.59,-79.57
12.46,-82.08
10.18,-84.51
7.76,-86.86
5.19,-89.13
2.49,-91.30
-0.34,-93.36
-3.30,-95.32
-6.38,-97.16
-9.59,-98.88
-12.90,-100.48
-16.33,-101.93
-19.85,-103.25
-23.48,-104.43
-27.19,-105.45
-30.98,-106.32
-34.85,-107.04
-38.79,-107.59
-42.78,-107.97
-46.84,-108.19
-50.93,-108.23
-55.07,-108.10
-59.24,-107.79
-63.43,-107.30
-67.63,-106.64
-71.84,-105.79
-76.05,-104.75
-80.24,-103.54
-84.42,-102.14
-88.57,-100.55
-92.69,-98.79
-96.76,-96.84
-100.79,-94.71
-104.75,-92.41
-108.64,-89.93
-112.46,-87.28
-116.20,-84.46
-119.84,-81.47
-123.38,-78.31
-126.82,-75.00
-130.15,-71.53
-133.35,-67.92
-136.43,-64.15
-139.37,-60.25
-142.17,-56.21
-144.83,-52.05
-147.33,-47.76
-149.67,-43.36
-151.85,-38.84
-153.87,-34.23
-155.71,-29.52
-157.37,-24.72
-158.85,-19.84
-160.15,-14.89
-161.26,-9.87
-162.18,-4.80
-162.90,0.32
-163.43,5.48
-163.76,10.67
-163.89,15.89
-163.82,21.12
-163.55,26.36
-163.08,31.59
-162.40,36.81
-161.53,42.02
-160.45,47.19
-159.18,52.33
-157.70,57.43
-156.04,62.47
-154.18,67.44
-152.12,72.35
-149.89,77.18
-147.46,81.92
-144.86,86.57
-142.08,91.12
-139.13,95.56
-136.01,99.88
-132.73,104.08
-129.30,108.15
-125.71,112.08
-121.98,115.87
-118.11,119.52
-114.11,123.00
-109.99,126.33
-105.74,129.49
-101.39,132.49
-96.93,135.31
-92.38,137.95
-87.74,140.41
-83.01,142.69
-78.22,144.78
-73.36,146.67
-68.45,148.38
-63.49,149.89
-58.49,151.20
-53.46,152.32
-48.41,153.23
-43.35,153.95
-38.28,154.47
-33.22,154.80
-28.16,154.92
-23.13,154.85
-18.13,154.59
-13.17,154.13
-8.25,153.48
-3.39,152.64
1.41,151.62
6.15,150.42
10.80,149.04
15.37,147.49
19.85,145.77
24.23,143.88
28.50,141.83
32.66,139.63
36.70,137.28
40.62,134.79
44.41,132.16
48.06,129.40
51.57,126.52
54.94,123.52
58.15,120.41
61.21,117.20
64.11,113.89
66.85,110.49
69.43,107.02
71.83,103.47
74.07,99.86
76.14,96.19
78.03,92.47
79.74,88.72
81.28,84.93
82.65,81.11
83.83,77.28
84.84,73.45
85.68,69.61
86.34,65.78
86.82,61.97
87.14,58.19
87.28,54.43
87.26,50.72
87.07,47.05
86.72,43.44
86.21,39.89
85.55,36.42
84.73,33.01
83.78,29.69
82.68,26.46
81.44,23.33
80.08,20.30
78.58,17.37
76.97,14.56
75.25,11.87
73.42,9.30
71.49,6.85
69.46,4.54
67.35,2.36
65.16,0.33
62.89,-1.57
60.56,-3.32
58.18,-4.92
55.74,-6.37
53.26,-7.68
50.74,-8.82
48.20,-9.82
45.63,-10.66
43.06,-11.34
40.48,-11.87
37.91,-12.25
35.34,-12.47
32.80,-12.53
30.28,-12.45
27.80,-12.22
25.36,-11.84
22.97,-11.32
20.64,-10.65
18.36,-9.85
16.16,-8.91
14.04,-7.84
12.00,-6.65
10.05,-5.33
8.19,-3.90
6.44,-2.35
4.79,-0.70
3.26,1.05
1.84,2.90
0.55,4.83
-0.62,6.85
-1.66,8.95
-2.56,11.11
-3.33,13.34
-3.95,15.62
-4.43,17.94
-4.77,20.31
-4.95,22.71
-4.99,25.14
-4.88,27.59
-4.61,30.04
-4.19,32.50
-3.62,34.95
-2.89,37.39
-2.01,39.81
-0.99,42.20
0.19,44.55
1.52,46.86
3.00,49.12
4.62,51.32
6.38,53.45
8.28,55.51
10.31,57.49
12.48,59.38
14.78,61.18
17.19,62.87
19.73,64.46
22.38,65.94
25.14,67.30
28.00,68.53
30.96,69.63
34.01,70.60
37.14,71.42
40.35,72.11
43.64,72.64
46.98,73.02
50.39,73.25
53.84,73.31
57.34,73.22
60.87,72.95
64.43,72.53
68.01,71.93
71.60,71.16
75.19,70.22
78.78,69.11
82.36,67.83
85.91,66.37
89.44,64.74
92.93,62.94
96.37,60.97
99.76,58.83
103.10,56.53
106.36,54.06
109.54,51.43
112.64,48.64
115.65,45.69
118.56,42.60
121.36,39.35
124.05,35.96
126.62,32.44
129.07,28.78
131.38,24.99
133.55,21.08
135.57,17.05
137.45,12.91
139.17,8.67
140.73,4.33
142.12,-0.10
143.34,-4.61
144.39,-9.20
145.26,-13.86
145.95,-18.58
146.45,-23.35
146.77,-28.17
146.89,-33.02
146.83,-37.90
146.57,-42.80
146.12,-47.72
145.47,-52.64
144.63,-57.55
143.59,-62.45
142.35,-67.33
140.92,-72.17
139.30,-76.98
137.48,-81.74
135.48,-86.45
133.28,-91.09
130.90,-95.66
128.34,-100.14
125.59,-104.54
122.68,-108.85
119.58,-113.05
116.33,-117.14
112.90,-121.11
109.33,-124.95
105.59,-128.67
101.72,-132.24
97.70,-135.67
93.54,-138.95
89.26,-142.08
84.85,-145.04
80.33,-147.83
75.71,-150.45
70.98,-152.90
66.16,-155.16
61.25,-157.24
56.27,-159.13
51.22,-160.83
46.11,-162.34
40.94,-163.65
35.73,-164.76
30.49,-165.67
25.22,-166.38
19.93,-166.89
14.63,-167.19
9.33,-167.30
4.03,-167.20
-1.24,-166.89
-6.50,-166.39
-11.72,-165.69
-16.90,-164.79
-22.02,-163.70
-27.09,-162.41
-32.10,-160.93
-37.03,-159.27
-41.88,-157.42
-46.63,-155.40
-51.29,-153.20
-55.85,-150.83
-60.30,-148.29
-64.63,-145.59
-68.83,-142.75
-72.90,-139.75
-76.84,-136.61
-80.63,-133.33
-84.28,-129.93
-87.77,-126.40
-91.11,-122.75
-94.28,-119.00
-97.29,-115.15
-100.12,-111.20
-102.79,-107.17
-105.27,-103.06
-107.58,-98.89
-109.71,-94.65
-111.65,-90.35
-113.41,-86.01
-114.99,-81.64
-116.37,-77.24
-117.57,-72.81
-118.58,-68.38
-119.41,-63.94
-120.05,-59.51
-120.50,-55.09
-120.77,-50.69
-120.86,-46.32
-120.76,-41.99
-120.50,-37.70
-120.05,-33.47
-119.44,-29.30
-118.66,-25.19
-117.71,-21.16
-116.61,-17.22
-115.35,-13.36
-113.94,-9.60
-112.39,-5.94
-110.70,-2.39
-108.88,1.05
-106.92,4.37
-104.85,7.56
-102.66,10.62
-100.37,13.55
-97.97,16.34
-95.48,18.99
-92.90,21.49
-90.25,23.85
-87.52,26.05
-84.72,28.09
-81.87,29.98
-78.97,31.71
-76.03,33.28
-73.05,34.68
-70.05,35.93
-67.04,37.01
-64.01,37.93
-60.98,38.68
-57.96,39.28
-54.95,39.71
-51.96,39.99
-49.00,40.11
-46.08,40.07
-43.20,39.88
-40.38,39.54
-37.61,39.06
-34.91,38.43
-32.29,37.67
-29.74,36.76
-27.27,35.73
-24.90,34.58
-22.63,33.30
-20.46,31.91
-18.40,30.41
-16.45,28.81
-14.62,27.11
-12.91,25.32
-11.33,23.44
-9.89,21.49
-8.57,19.47
-7.40,17.38
-6.36,15.24
-5.47,13.05
-4.72,10.81
-4.12,8.55
-3.67,6.25
-3.37,3.94
-3.22,1.61
-3.22,-0.72
-3.38,-3.04
-3.68,-5.35
-4.13,-7.64
-4.73,-9.91
-5.48,-12.14
-6.37,-14.32
-7.41,-16.46
-8.58,-18.54
-9.89,-20.56
-11.34,-22.50
-12.92,-24.37
-14.62,-26.15
-16.45,-27.84
-18.40,-29.43
-20.45,-30.92
-22.62,-32.30
-24.89,-33.56
-27.25,-34.71
-29.71,-35.72
-32.25,-36.61
-34.87,-37.36
-37.56,-37.98
-40.31,-38.45
-43.13,-38.77
-45.99,-38.95
-48.90,-38.97
-51.84,-38.84
-54.81,-38.55
-57.81,-38.10
-60.81,-37.49
-63.82,-36.72
-66.83,-35.78
-69.83,-34.69
-72.81,-33.43
-75.76,-32.01
-78.68,-30.43
-81.55,-28.69
-84.38,-26.79
-87.15,-24.73
-89.85,-22.52
-92.48,-20.16
-95.02,-17.65
-97.48,-15.00
-99.85,-12.20
-102.11,-9.26
-104.27,-6.20
-106.31,-3.00
-108.22,0.32
-110.01,3.76
-111.67,7.31
-113.18,10.97
-114.56,14.73
-115.78,18.59
-116.84,22.53
-117.75,26.55
-118.49,30.65
-119.07,34.81
-119.47,39.03
-119.70,43.31
-119.75,47.63
-119.63,51.98
-119.32,56.36
-118.83,60.77
-118.15,65.18
-117.28,69.60
-116.23,74.01
-115.00,78.41
-113.57,82.79
-111.96,87.14
-110.17,91.45
-108.19,95.72
-106.03,99.93
-103.68,104.07
-101.16,108.15
-98.46,112.15
-95.59,116.06
-92.56,119.87
-89.35,123.59
-85.99,127.19
-82.47,130.68
-78.79,134.04
-74.97,137.27
-71.01,140.37
-66.92,143.32
-62.69,146.13
-58.34,148.78
-53.88,151.26
-49.30,153.58
-44.63,155.74
-39.85,157.71
-34.99,159.51
-30.05,161.12
-25.04,162.55
-19.96,163.78
-14.82,164.82
-9.64,165.67
-4.42,166.32
0.84,166.77
6.11,167.01
11.40,167.06
16.70,166.90
22.00,166.55
27.28,165.98
32.54,165.22
37.77,164.26
42.97,163.09
48.12,161.73
53.22,160.17
58.25,158.42
63.21,156.48
68.10,154.35
72.90,152.04
77.60,149.54
82.20,146.87
86.69,144.03
91.07,141.03
95.32,137.86
99.45,134.54
103.44,131.06
107.28,127.45
110.98,123.69
114.52,119.81
117.90,115.80
121.12,111.68
124.18,107.44
127.05,103.10
129.76,98.67
132.28,94.15
134.61,89.56
136.77,84.89
138.73,80.16
140.50,75.37
142.08,70.54
143.46,65.67
144.65,60.78
145.64,55.86
146.44,50.93
147.04,46.00
147.44,41.07
147.65,36.15
147.67,31.26
147.50,26.40
147.13,21.58
146.58,16.80
145.85,12.08
144.93,7.42
143.84,2.83
142.57,-1.68
141.13,-6.11
139.53,-10.45
137.76,-14.68
135.85,-18.81
133.78,-22.83
131.56,-26.74
129.21,-30.51
126.73,-34.16
124.12,-37.67
121.39,-41.05
118.55,-44.28
115.60,-47.36
112.56,-50.29
109.42,-53.06
106.21,-55.67
102.91,-58.12
99.55,-60.41
96.13,-62.52
92.65,-64.47
89.14,-66.25
85.58,-67.85
82.00,-69.29
78.40,-70.55
74.79,-71.63
71.18,-72.55
67.56,-73.29
63.97,-73.86
60.39,-74.27
56.84,-74.51
53.33,-74.58
49.86,-74.49
46.44,-74.24
43.08,-73.83
39.78,-73.27
36.56,-72.57
33.42,-71.72
30.36,-70.72
27.40,-69.60
24.53,-68.34
21.77,-66.97
19.11,-65.47
16.57,-63.86
14.15,-62.14
11.86,-60.32
9.69,-58.41
7.65,-56.42
5.75,-54.34
3.99,-52.19
2.37,-49.97
0.90,-47.70
-0.43,-45.38
-1.60,-43.01
-2.63,-40.61
-3.50,-38.18
-4.22,-35.73
-4.79,-33.26
-5.21,-30.80
-5.47,-28.33
-5.58,-25.88
-5.54,-23.44
-5.35,-21.04
-5.01,-18.66
-4.52,-16.33
-3.90,-14.05
-3.13,-11.82
-2.22,-9.65
-1.18,-7.56
-0.01,-5.54
1.29,-3.60
2.71,-1.76
4.24,-0.01
5.89,1.64
7.64,3.19
9.49,4.62
11.44,5.93
13.48,7.12
15.60,8.18
17.80,9.11
20.07,9.91
22.40,10.57
24.78,11.09
27.21,11.46
29.69,11.69
32.20,11.77
34.73,11.69
37.28,11.46
39.84,11.08
42.41,10.55
44.97,9.86
47.52,9.01
50.05,8.01
52.55,6.86
55.01,5.55
57.43,4.10
59.80,2.49
62.11,0.74
64.36,-1.16
66.53,-3.20
68.62,-5.38
70.62,-7.69
72.53,-10.13
74.34,-12.70
76.04,-15.40
77.62,-18.21
79.09,-21.13
80.43,-24.15
81.63,-27.28
82.71,-30.50
83.64,-33.82
84.42,-37.21
85.06,-40.68
85.54,-44.21
85.86,-47.81
86.02,-51.47
86.01,-55.16
85.84,-58.90
85.50,-62.67
84.98,-66.46
84.30,-70.27
83.43,-74.08
82.39,-77.90
81.18,-81.70
79.79,-85.49
78.22,-89.25
76.48,-92.98
74.56,-96.67
72.47,-100.31
70.21,-103.89
67.78,-107.40
65.18,-110.85
62.42,-114.21
59.50,-117.48
56.42,-120.65
53.18,-123.72
49.80,-126.68
46.27,-129.53
42.60,-132.24
38.80,-134.83
34.87,-137.28
30.82,-139.58
26.64,-141.74
22.36,-143.74
17.97,-145.58
13.49,-147.26
8.91,-148.76
4.26,-150.10
-0.48,-151.25
-5.28,-152.22
-10.14,-153.01
-15.06,-153.61
-20.02,-154.02
-25.01,-154.23
-30.04,-154.25
-35.08,-154.08
-40.13,-153.71
-45.19,-153.14
-50.24,-152.37
-55.27,-151.40
-60.28,-150.24
-65.26,-148.87
-70.20,-147.32
-75.09,-145.56
-79.93,-143.62
-84.69,-141.49
-89.39,-139.16
-94.00,-136.66
-98.52,-133.97
-102.95,-131.11
-107.27,-128.07
-111.48,-124.87
-115.57,-121.50
-119.53,-117.97
-123.36,-114.30
-127.06,-110.47
-130.60,-106.50
-133.99,-102.40
-137.23,-98.17
-140.30,-93.81
-143.21,-89.34
-145.94,-84.77
-148.50,-80.09
-150.87,-75.32
-153.06,-70.47
-155.06,-65.54
-156.87,-60.54
-158.49,-55.48
-159.91,-50.37
-161.14,-45.22
-162.16,-40.03
-162.98,-34.82
-163.61,-29.58
-164.03,-24.34
-164.24,-19.10
-164.26,-13.86
-164.08,-8.64
-163.70,-3.45
-163.12,1.71
-162.34,6.83
-161.37,11.90
-160.21,16.91
-158.86,21.86
-157.33,26.73
-155.62,31.52
-153.73,36.21
-151.66,40.82
-149.43,45.32
-147.04,49.70
-144.49,53.97
-141.79,58.12
-138.95,62.14
-135.96,66.02
-132.84,69.76
-129.60,73.35
-126.23,76.80
-122.75,80.08
-119.17,83.21
-115.49,86.17
-111.72,88.96
-107.87,91.59
-103.94,94.04
-99.95,96.31
-95.89,98.40
-91.79,100.32
-87.65,102.05
-83.47,103.60
-79.27,104.96
-75.04,106.14
-70.81,107.14
-66.58,107.96
-62.36,108.59
-58.15,109.04
-53.97,109.32
-49.82,109.41
-45.71,109.33
-41.64,109.08
-37.64,108.66
-33.69,108.08
-29.81,107.33
-26.01,106.42
-22.29,105.36
-18.67,104.15
-15.14,102.80
-11.71,101.31
-8.39,99.69
-5.19,97.93
-2.11,96.06
0.85,94.07
3.68,91.98
6.38,89.78
8.94,87.49
11.35,85.11
13.62,82.65
15.75,80.11
17.72,77.51
19.54,74.85
21.20,72.14
22.71,69.39
24.06,66.60
25.25,63.79
26.28,60.96
27.15,58.11
27.86,55.26
28.41,52.42
28.80,49.59
29.04,46.78
29.12,43.99
29.05,41.24
28.83,38.54
28.47,35.88
27.95,33.28
27.30,30.75
26.51,28.28
25.59,25.90
24.53,23.59
23.36,21.38
22.06,19.26
20.65,17.25
19.13,15.34
17.51,13.54
15.80,11.87
13.99,10.31
12.10,8.88
10.13,7.58
8.09,6.41
5.99,5.38
3.83,4.49
1.62,3.75
-0.63,3.15
-2.91,2.69
-5.22,2.39
-7.55,2.23
-9.89,2.23
-12.23,2.37
-14.57,2.67
-16.90,3.12
-19.21,3.71
-21.49,4.46
-23.74,5.36
-25.94,6.40
-28.09,7.58
-30.19,8.91
-32.22,10.37
-34.18,11.97
-36.06,13.71
-37.85,15.57
-39.56,17.55
-41.16,19.66
-42.66,21.88
-44.05,24.20
-45.33,26.64
-46.48,29.17
-47.51,31.80
-48.40,34.51
-49.16,37.30
-49.77,40.17
-50.25,43.10
-50.57,46.09
-50.74,49.14
-50.76,52.23
-50.62,55.36
-50.32,58.53
-49.86,61.71
-49.24,64.91
-48.45,68.12
-47.50,71.33
-46.38,74.52
-45.09,77.71
-43.64,80.86
-42.02,83.99
-40.24,87.07
-38.30,90.11
-36.20,93.09
-33.94,96.01
-31.52,98.85
-28.95,101.62
-26.23,104.30
-23.36,106.88
-20.35,109.37
-17.20,111.74
-13.92,114.01
-10.51,116.15
-6.97,118.16
-3.32,120.04
0.45,121.78
4.32,123.37
8.30,124.82
12.37,126.11
16.52,127.24
20.75,128.20
25.06,129.00
29.44,129.62
33.87,130.07
38.35,130.33
42.87,130.42
47.43,130.32
52.01,130.04
56.61,129.57
61.22,128.91
65.84,128.06
70.44,127.02
75.03,125.79
79.60,124.37
84.13,122.76
88.63,120.96
93.07,118.98
97.46,116.80
101.78,114.45
106.03,111.92
110.19,109.20
114.27,106.32
118.25,103.26
122.13,100.03
125.89,96.65
129.53,93.10
133.05,89.40
136.44,85.56
139.68,81.57
142.78,77.44
145.73,73.19
148.52,68.81
151.15,64.32
153.61,59.71
155.89,55.00
158.00,50.20
159.93,45.30
161.67,40.33
163.23,35.29
164.59,30.18
165.76,25.01
166.73,19.80
167.50,14.54
168.08,9.26
168.45,3.95
168.61,-1.37
168.58,-6.70
168.34,-12.02
167.90,-17.33
167.26,-22.62
166.41,-27.89
165.37,-33.11
164.12,-38.29
162.69,-43.41
161.05,-48.47
159.23,-53.46
157.22,-58.37
155.03,-63.20
152.66,-67.93
150.12,-72.55
147.40,-77.07
144.52,-81.47
141.48,-85.75
138.28,-89.91
134.94,-93.92
131.45,-97.79
127.83,-101.52
124.08,-105.09
120.20,-108.51
116.22,-111.76
112.12,-114.84
107.92,-117.75
103.63,-120.49
99.25,-123.05
94.80,-125.42
90.28,-127.62
85.70,-129.62
81.06,-131.44
76.38,-133.06
71.67,-134.49
66.93,-135.73
62.16,-136.78
57.39,-137.64
52.62,-138.30
47.85,-138.77
43.10,-139.04
38.37,-139.13
33.67,-139.03
29.02,-138.74
24.41,-138.27
19.85,-137.62
15.36,-136.80
10.94,-135.80
6.59,-134.63
2.34,-133.29
-1.83,-131.79
-5.90,-130.14
-9.86,-128.34
-13.71,-126.39
-17.44,-124.30
-21.05,-122.08
-24.53,-119.73
-27.88,-117.26
-31.09,-114.68
-34.15,-111.99
-37.07,-109.20
-39.84,-106.31
-42.45,-103.34
-44.91,-100.29
-47.21,-97.18
-49.34,-94.00
-51.31,-90.76
-53.11,-87.48
-54.74,-84.16
-56.21,-80.80
-57.51,-77.43
-58.64,-74.04
-59.60,-70.64
-60.39,-67.25
-61.01,-63.86
-61.47,-60.49
-61.76,-57.15
-61.89,-53.83
-61.86,-50.56
-61.68,-47.34
-61.34,-44.17
-60.85,-41.06
-60.21,-38.03
-59.43,-35.07
-58.52,-32.19
-57.47,-29.40
-56.29,-26.70
-54.99,-24.10
-53.57,-21.61
-52.03,-19.24
-50.40,-16.98
-48.66,-14.84
-46.83,-12.82
-44.91,-10.94
-42.92,-9.19
-40.85,-7.57
-38.72,-6.10
-36.52,-4.77
-34.28,-3.58
-32.00,-2.54
-29.67,-1.65
-27.32,-0.91
-24.95,-0.32
-22.57,0.12
-20.19,0.40
-17.80,0.53
-15.43,0.52
-13.07,0.35
-10.74,0.03
-8.45,-0.43
-6.19,-1.04
-3.99,-1.79
-1.84,-2.69
0.25,-3.72
2.27,-4.88
4.21,-6.17
6.07,-7.59
7.84,-9.13
9.51,-10.79
11.08,-12.56
12.55,-14.44
13.90,-16.42
15.14,-18.49
16.25,-20.66
17.23,-22.91
18.08,-25.23
18.80,-27.63
19.37,-30.09
19.81,-32.60
20.10,-35.16
20.24,-37.77
20.22,-40.41
20.06,-43.08
19.74,-45.77
19.27,-48.47
18.64,-51.17
17.85,-53.87
16.90,-56.56
15.80,-59.22
14.54,-61.86
13.13,-64.47
11.56,-67.03
9.84,-69.54
7.97,-72.00
5.95,-74.39
3.79,-76.70
1.48,-78.93
-0.96,-81.08
-3.54,-83.13
-6.25,-85.08
-9.09,-86.92
-12.04,-88.65
-15.11,-90.26
-18.30,-91.74
-21.58,-93.09
-24.97,-94.30
-28.45,-95.37
-32.01,-96.29
-35.66,-97.06
-39.38,-97.68
-43.16,-98.13
-47.00,-98.42
-50.90,-98.54
-54.84,-98.50
-58.81,-98.28
-62.81,-97.88
-66.83,-97.31
-70.86,-96.56
-74.90,-95.63
-78.93,-94.53
-82.95,-93.24
-86.95,-91.77
-90.92,-90.12
-94.85,-88.29
-98.74,-86.29
-102.57,-84.11
-106.34,-81.75
-110.05,-79.22
-113.67,-76.53
-117.21,-73.66
-120.65,-70.64
-124.00,-67.45
-127.24,-64.11
-130.36,-60.62
-133.36,-56.98
-136.23,-53.20
-138.97,-49.28
-141.56,-45.24
-144.01,-41.07
-146.30,-36.78
-148.44,-32.38
-150.41,-27.88
-152.22,-23.28
-153.85,-18.58
-155.30,-13.81
-156.57,-8.96
-157.66,-4.04
-158.55,0.94
-159.26,5.97
-159.78,11.04
-160.10,16.15
-160.22,21.29
-160.14,26.45
-159.86,31.61
-159.39,36.78
-158.71,41.94
-157.83,47.09
-156.76,52.21
-155.48,57.29
-154.01,62.34
-152.34,67.34
-150.48,72.27
-148.43,77.15
-146.18,81.94
-143.76,86.66
-141.15,91.28
-138.37,95.81
-135.41,100.23
-132.28,104.54
-128.99,108.73
-125.54,112.79
-121.93,116.71
-118.18,120.50
-114.29,124.14
-110.27,127.63
-106.11,130.96
-101.84,134.13
-97.44,137.13
-92.95,139.96
-88.35,142.61
-83.66,145.08
-78.89,147.37
-74.04,149.47
-69.12,151.37
-64.15,153.09
-59.12,154.61
-54.05,155.93
-48.94,157.06
-43.81,157.98
-38.66,158.71
-33.51,159.23
-28.35,159.56
-23.20,159.68
-18.07,159.61
-12.97,159.34
-7.89,158.88
-2.86,158.22
2.11,157.37
7.03,156.33
11.89,155.11
16.67,153.70
21.37,152.12
25.98,150.36
30.49,148.43
34.90,146.34
39.20,144.09
43.38,141.69
47.44,139.14
51.37,136.44
55.17,133.61
58.82,130.65
62.33,127.57
65.70,124.37
68.90,121.06
71.95,117.65
74.84,114.15
77.56,110.56
80.11,106.89
82.49,103.15
84.70,99.35
86.73,95.49
88.59,91.59
90.26,87.65
91.76,83.67
93.08,79.68
94.21,75.67
95.17,71.66
95.95,67.64
96.55,63.64
96.98,59.66
97.23,55.71
97.30,51.78
97.21,47.91
96.95,44.08
96.53,40.30
95.94,36.60
95.20,32.96
94.31,29.41
93.27,25.93
92.09,22.56
90.77,19.27
89.31,16.10
87.73,13.03
86.03,10.08
84.22,7.24
82.29,4.54
80.26,1.96
78.14,-0.49
75.93,-2.79
73.64,-4.96
71.27,-6.98
68.84,-8.85
66.35,-10.58
63.81,-12.15
61.22,-13.57
58.60,-14.83
55.95,-15.94
53.28,-16.89
50.60,-17.68
47.91,-18.32
45.22,-18.80
42.55,-19.12
39.89,-19.30
37.27,-19.31
34.67,-19.18
32.12,-18.90
29.61,-18.47
27.16,-17.90
24.77,-17.19
22.45,-16.34
20.21,-15.36
18.05,-14.26
15.98,-13.03
14.01,-11.68
12.14,-10.22
10.37,-8.65
8.71,-6.98
7.17,-5.21
5.76,-3.36
4.46,-1.42
3.30,0.60
2.27,2.69
1.38,4.84
0.63,7.05
0.02,9.31
-0.45,11.60
-0.76,13.94
-0.93,16.30
-0.95,18.67
-0.82,21.07
-0.53,23.46
-0.10,25.85
0.49,28.23
1.23,30.58
2.12,32.92
3.16,35.21
4.35,37.47
5.68,39.67
7.16,41.82
8.78,43.90
10.53,45.91
12.42,47.84
14.44,49.68
16.58,51.43
18.85,53.09
21.23,54.64
23.73,56.07
26.33,57.39
29.03,58.59
31.83,59.66
34.72,60.59
37.69,61.39
40.74,62.04
43.86,62.55
47.04,62.91
50.28,63.12
53.57,63.17
56.90,63.05
60.26,62.78
63.65,62.34
67.05,61.74
70.47,60.96
73.89,60.02
77.30,58.91
80.70,57.63
84.08,56.18
87.43,54.57
90.74,52.78
94.00,50.83
97.21,48.71
100.36,46.43
103.44,43.99
106.44,41.39
109.36,38.63
112.18,35.72
114.91,32.67
117.53,29.47
120.03,26.13
122.42,22.66
124.68,19.06
126.81,15.33
128.79,11.48
130.64,7.52
132.33,3.46
133.86,-0.71
135.24,-4.97
136.45,-9.31
137.50,-13.74
138.36,-18.24
139.06,-22.80
139.57,-27.41
139.90,-32.08
140.04,-36.79
140.00,-41.53
139.76,-46.30
139.34,-51.08
138.72,-55.87
137.91,-60.66
136.90,-65.44
135.70,-70.20
134.31,-74.94
132.73,-79.64
130.95,-84.30
128.99,-88.91
126.83,-93.46
124.50,-97.94
121.98,-102.35
119.28,-106.67
116.40,-110.90
113.35,-115.04
110.13,-119.06
106.75,-122.97
103.21,-126.76
99.52,-130.42
95.67,-133.95
91.69,-137.34
87.56,-140.58
83.31,-143.66
78.93,-146.59
74.44,-149.35
69.83,-151.94
65.12,-154.36
60.32,-156.60
55.42,-158.65
50.45,-160.52
45.40,-162.20
40.29,-163.69
35.13,-164.99
29.91,-166.08
24.66,-166.98
19.37,-167.67
14.07,-168.16
8.75,-168.46
3.42,-168.54
-1.90,-168.43
-7.21,-168.11
-12.50,-167.59
-17.76,-166.87
-22.98,-165.95
-28.15,-164.83
-33.27,-163.51
-38.33,-162.01
-43.31,-160.32
-48.22,-158.44
-53.04,-156.37
-57.77,-154.14
-62.39,-151.72
-66.91,-149.14
-71.31,-146.40
-75.58,-143.49
-79.73,-140.44
-83.75,-137.23
-87.62,-133.89
-91.34,-130.41
-94.92,-126.81
-98.34,-123.08
-101.59,-119.24
-104.68,-115.30
-107.60,-111.26
-110.35,-107.12
-112.92,-102.91
-115.31,-98.62
-117.51,-94.26
-119.54,-89.84
-121.37,-85.38
-123.02,-80.87
-124.48,-76.32
-125.75,-71.76
-126.83,-67.17
-127.72,-62.58
-128.41,-57.99
-128.93,-53.40
-129.25,-48.83
-129.39,-44.29
-129.34,-39.78
-129.11,-35.31
-128.70,-30.89
-128.12,-26.52
-127.36,-22.22
-126.44,-17.99
-125.35,-13.84
-124.10,-9.78
-122.69,-5.81
-121.13,-1.93
-119.43,1.83
-117.59,5.49
-115.61,9.03
-113.50,12.44
-111.28,15.73
-108.93,18.89
-106.48,21.90
-103.93,24.78
-101.28,27.51
-98.55,30.09
-95.73,32.52
-92.84,34.79
-89.89,36.90
-86.88,38.86
-83.82,40.65
-80.72,42.28
-77.59,43.74
-74.43,45.04
-71.25,46.18
-68.07,47.14
-64.88,47.95
-61.70,48.59
-58.53,49.06
-55.39,49.38
-52.27,49.53
-49.20,49.53
-46.16,49.37
-43.18,49.07
-40.26,48.61
-37.41,48.01
-34.63,47.26
-31.92,46.38
-29.31,45.37
-26.78,44.24
-24.36,42.97
-22.04,41.60
-19.82,40.11
-17.72,38.52
-15.74,36.83
-13.89,35.04
-12.16,33.17
-10.56,31.22
-9.10,29.20
-7.77,27.11
-6.59,24.97
-5.55,22.77
-4.66,20.53
-3.91,18.26
-3.31,15.96
-2.87,13.63
-2.57,11.30
-2.43,8.96
-2.43,6.62
-2.59,4.29
-2.89,1.98
-3.35,-0.30
-3.95,-2.55
-4.70,-4.76
-5.59,-6.92
-6.62,-9.02
-7.79,-11.06
-9.09,-13.04
-10.52,-14.93
-12.08,-16.74
-13.76,-18.47
-15.56,-20.09
-17.48,-21.62
-19.50,-23.03
-21.62,-24.34
-23.84,-25.52
-26.15,-26.58
-28.55,-27.51
-31.02,-28.31
-33.56,-28.98
-36.17,-29.50
-38.84,-29.87
-41.56,-30.10
-44.32,-30.18
-47.12,-30.11
-49.94,-29.88
-52.79,-29.50
-55.65,-28.95
-58.52,-28.25
-61.38,-27.39
-64.23,-26.37
-67.07,-25.19
-69.87,-23.85
-72.65,-22.35
-75.38,-20.69
-78.06,-18.88
-80.68,-16.91
-83.24,-14.79
-85.73,-12.52
-88.14,-10.11
-90.46,-7.56
-92.68,-4.86
-94.81,-2.03
-96.83,0.92
-98.73,4.01
-100.51,7.21
-102.17,10.54
-103.69,13.97
-105.07,17.50
-106.31,21.13
-107.41,24.86
-108.35,28.66
-109.13,32.55
-109.75,36.51
-110.20,40.53
-110.49,44.61
-110.60,48.73
-110.54,52.90
-110.30,57.10
-109.88,61.32
-109.28,65.56
-108.50,69.82
-107.53,74.07
-106.38,78.31
-105.05,82.54
-103.53,86.74
-101.83,90.92
-99.95,95.05
-97.88,99.13
-95.64,103.15
-93.22,107.11
-90.63,111.00
-87.86,114.80
-84.92,118.52
-81.82,122.14
-78.56,125.66
-75.14,129.06
-71.57,132.34
-67.85,135.50
-63.99,138.53
-59.99,141.42
-55.86,144.17
-51.61,146.76
-47.24,149.20
-42.75,151.47
-38.16,153.58
-33.47,155.52
-28.69,157.28
-23.83,158.86
-18.89,160.26
-13.89,161.47
-8.82,162.49
-3.71,163.31
1.46,163.94
6.65,164.38
11.87,164.61
17.11,164.64
22.36,164.48
27.61,164.11
32.86,163.53
38.08,162.76
43.29,161.79
48.45,160.61
53.58,159.24
58.66,157.67
63.67,155.91
68.62,153.95
73.50,151.81
78.29,149.48
82.99,146.97
87.59,144.28
92.09,141.42
96.47,138.39
100.73,135.20
104.87,131.84
108.87,128.34
112.73,124.69
116.45,120.89
120.01,116.97
123.42,112.91
126.66,108.74
129.73,104.45
132.64,100.05
135.37,95.56
137.91,90.97
140.28,86.31
142.45,81.56
144.44,76.75
146.24,71.89
147.84,66.97
149.25,62.01
150.46,57.01
151.47,52.00
152.29,46.96
152.91,41.92
153.33,36.88
153.55,31.85
153.57,26.83
153.41,21.84
153.04,16.89
152.49,11.98
151.75,7.12
150.83,2.32
149.72,-2.42
148.43,-7.08
146.97,-11.66
145.34,-16.15
143.55,-20.54
141.59,-24.83
139.48,-29.01
137.21,-33.07
134.80,-37.02
132.26,-40.83
129.58,-44.51
126.78,-48.06
123.86,-51.45
120.82,-54.70
117.68,-57.80
114.45,-60.74
111.12,-63.53
107.71,-66.14
104.23,-68.60
100.68,-70.88
97.07,-72.99
93.42,-74.93
89.71,-76.70
85.98,-78.29
82.22,-79.71
78.43,-80.95
74.64,-82.01
70.85,-82.90
67.06,-83.61
63.29,-84.15
59.54,-84.52
55.82,-84.72
52.14,-84.75
48.50,-84.62
44.92,-84.32
41.39,-83.87
37.94,-83.26
34.56,-82.50
31.25,-81.60
28.04,-80.55
24.92,-79.36
21.90,-78.05
18.98,-76.61
16.18,-75.05
13.49,-73.37
10.92,-71.59
8.48,-69.70
6.17,-67.72
4.00,-65.65
1.96,-63.50
0.06,-61.27
-1.70,-58.98
-3.30,-56.63
-4.76,-54.22
-6.07,-51.78
-7.23,-49.29
-8.23,-46.78
-9.08,-44.24
-9.77,-41.70
-10.31,-39.14
-10.69,-36.59
-10.92,-34.05
-11.00,-31.53
-10.93,-29.03
-10.71,-26.56
-10.34,-24.14
-9.82,-21.76
-9.17,-19.44
-8.37,-17.17
-7.44,-14.98
-6.38,-12.87
-5.19,-10.83
-3.88,-8.89
-2.45,-7.03
-0.91,-5.28
0.74,-3.64
2.49,-2.10
4.34,-0.68
6.27,0.61
8.29,1.78
10.39,2.82
12.56,3.73
14.79,4.50
17.08,5.13
19.42,5.62
21.80,5.96
24.21,6.15
26.65,6.20
29.12,6.09
31.59,5.83
34.07,5.42
36.54,4.85
39.00,4.13
41.44,3.26
43.86,2.23
46.24,1.06
48.58,-0.27
50.87,-1.74
53.10,-3.36
55.26,-5.12
57.36,-7.02
59.37,-9.06
61.30,-11.23
63.14,-13.53
64.87,-15.96
66.50,-18.50
68.02,-21.16
69.42,-23.93
70.70,-26.81
71.85,-29.78
72.86,-32.85
73.73,-36.00
74.46,-39.24
75.04,-42.54
75.47,-45.92
75.74,-49.35
75.86,-52.83
75.81,-56.36
75.60,-59.93
75.22,-63.53
74.67,-67.14
73.95,-70.78
73.05,-74.41
71.99,-78.05
70.75,-81.67
69.34,-85.28
67.75,-88.86
66.00,-92.40
64.07,-95.91
61.97,-99.36
59.70,-102.75
57.27,-106.08
54.68,-109.33
51.92,-112.50
49.01,-115.58
45.94,-118.56
42.73,-121.44
39.37,-124.20
35.86,-126.85
32.23,-129.37
28.46,-131.76
24.56,-134.02
20.55,-136.13
16.43,-138.09
12.19,-139.89
7.86,-141.54
3.44,-143.02
-1.08,-144.33
-5.67,-145.47
-10.33,-146.43
-15.06,-147.21
-19.84,-147.81
-24.67,-148.22
-29.54,-148.44
-34.44,-148.47
-39.37,-148.30
-44.31,-147.94
-49.25,-147.39
-54.20,-146.63
-59.13,-145.69
-64.05,-144.54
-68.94,-143.20
-73.79,-141.67
-78.60,-139.94
-83.36,-138.02
-88.05,-135.91
-92.68,-133.62
-97.22,-131.13
-101.69,-128.47
-106.06,-125.63
-110.32,-122.62
-114.48,-119.44
-118.53,-116.09
-122.45,-112.58
-126.24,-108.92
-129.90,-105.11
-133.41,-101.15
-136.78,-97.06
-139.99,-92.83
-143.04,-88.48
-145.92,-84.02
-148.64,-79.44
-151.17,-74.76
-153.53,-69.98
-155.71,-65.12
-157.70,-60.17
-159.50,-55.16
-161.11,-50.08
-162.52,-44.94
-163.73,-39.76
-164.75,-34.53
-165.56,-29.28
-166.18,-24.01
-166.59,-18.72
-166.79,-13.43
-166.80,-8.14
-166.60,-2.86
-166.20,2.39
-165.61,7.62
-164.81,12.80
-163.82,17.94
-162.63,23.03
-161.26,28.05
-159.69,33.00
-157.95,37.87
-156.02,42.66
-153.92,47.35
-151.64,51.94
-149.20,56.42
-146.60,60.79
-143.84,65.03
-140.93,69.15
-137.87,73.13
-134.68,76.98
-131.36,80.67
-127.91,84.22
-124.35,87.61
-120.67,90.84
-116.89,93.91
-113.02,96.81
-109.05,99.54
-105.01,102.09
-100.89,104.47
-96.71,106.66
-92.48,108.67
-88.19,110.50
-83.87,112.15
-79.52,113.61
-75.14,114.88
-70.75,115.97
-66.35,116.87
-61.96,117.58
-57.57,118.11
-53.20,118.45
-48.86,118.62
-44.56,118.60
-40.30,118.41
-36.09,118.04
-31.93,117.50
-27.84,116.79
-23.83,115.92
-19.89,114.89
-16.04,113.71
-12.29,112.37
-8.63,110.89
-5.08,109.27
-1.64,107.51
1.68,105.63
4.88,103.62
7.95,101.50
10.88,99.27
13.69,96.93
16.35,94.50
18.86,91.98
21.23,89.38
23.45,86.70
25.51,83.96
27.42,81.16
29.17,78.31
30.76,75.42
32.19,72.49
33.46,69.53
34.57,66.55
35.51,63.57
36.29,60.58
36.91,57.59
37.37,54.61
37.68,51.66
37.82,48.73
37.81,45.84
37.65,42.98
37.34,40.18
36.88,37.44
36.27,34.76
35.53,32.15
34.66,29.62
33.65,27.17
32.52,24.81
31.26,22.55
29.90,20.39
28.42,18.34
26.83,16.40
25.15,14.58
23.38,12.88
21.52,11.30
19.58,9.86
17.57,8.55
15.50,7.38
13.36,6.34
11.18,5.45
8.95,4.70
6.69,4.11
4.40,3.65
2.09,3.35
-0.23,3.20
-2.56,3.20
-4.89,3.35
-7.20,3.65
-9.50,4.10
-11.77,4.70
-14.01,5.45
-16.20,6.35
-18.35,7.38
-20.44,8.56
-22.47,9.88
-24.43,11.33
-26.32,12.91
-28.12,14.62
-29.82,16.45
-31.44,18.41
-32.95,20.47
-34.35,22.65
-35.63,24.93
-36.80,27.31
-37.84,29.78
-38.75,32.34
-39.53,34.98
-40.17,37.69
-40.67,40.47
-41.02,43.30
-41.22,46.19
-41.27,49.13
-41.17,52.10
-40.90,55.11
-40.48,58.13
-39.90,61.17
-39.15,64.22
-38.25,67.27
-37.18,70.31
-35.94,73.33
-34.55,76.33
-32.99,79.29
-31.27,82.22
-29.39,85.09
-27.36,87.92
-25.16,90.67
-22.82,93.36
-20.32,95.96
-17.68,98.49
-14.90,100.91
-11.97,103.24
-8.91,105.46
-5.72,107.56
-2.40,109.55
1.03,111.41
4.59,113.13
8.25,114.72
12.01,116.16
15.87,117.46
19.82,118.59
23.86,119.58
27.97,120.39
32.15,121.04
36.40,121.52
40.69,121.83
45.04,121.96
49.42,121.91
53.84,121.68
58.27,121.26
62.73,120.66
67.18,119.87
71.64,118.90
76.09,117.73
80.51,116.38
84.91,114.85
89.28,113.12
93.60,111.21
97.87,109.12
102.08,106.84
106.22,104.39
110.28,101.76
114.26,98.95
118.15,95.97
121.94,92.83
125.62,89.52
129.19,86.05
132.63,82.43
135.95,78.66
139.13,74.75
142.17,70.70
145.07,66.52
147.81,62.21
150.39,57.78
152.81,53.24
155.05,48.60
157.13,43.85
159.02,39.02
160.73,34.10
162.26,29.10
163.60,24.04
164.74,18.92
165.69,13.75
166.45,8.53
167.00,3.28
167.35,-2.00
167.50,-7.29
167.45,-12.60
167.20,-17.90
166.74,-23.20
166.08,-28.48
165.22,-33.73
164.16,-38.95
162.90,-44.13
161.44,-49.26
159.79,-54.33
157.95,-59.33
155.92,-64.25
153.70,-69.09
151.30,-73.84
148.73,-78.49
145.98,-83.04
143.06,-87.47
139.98,-91.78
136.75,-95.96
133.36,-100.01
129.82,-103.92
126.15,-107.69
122.34,-111.30
118.41,-114.76
114.35,-118.05
110.19,-121.18
105.92,-124.14
101.55,-126.92
97.09,-129.52
92.55,-131.94
87.94,-134.18
83.26,-136.23
78.52,-138.09
73.74,-139.75
68.91,-141.23
64.05,-142.50
59.17,-143.59
54.28,-144.47
49.37,-145.17
44.47,-145.66
39.58,-145.97
34.71,-146.08
29.87,-145.99
25.06,-145.72
20.30,-145.26
15.58,-144.62
10.93,-143.80
6.34,-142.79
1.83,-141.61
-2.60,-140.26
-6.94,-138.75
-11.19,-137.07
-15.33,-135.24
-19.37,-133.25
-23.28,-131.12
-27.08,-128.85
-30.75,-126.45
-34.29,-123.92
-37.68,-121.27
-40.94,-118.50
-44.05,-115.63
-47.01,-112.65
-49.82,-109.59
-52.46,-106.43
-54.95,-103.20
-57.27,-99.90
-59.43,-96.54
-61.42,-93.13
-63.24,-89.67
-64.89,-86.17
-66.36,-82.64
-67.67,-79.09
-68.80,-75.52
-69.76,-71.95
-70.55,-68.38
-71.17,-64.82
-71.62,-61.28
-71.91,-57.77
-72.03,-54.29
-71.98,-50.85
-71.78,-47.46
-71.42,-44.12
-70.91,-40.85
-70.25,-37.65
-69.44,-34.53
-68.50,-31.49
-67.42,-28.54
-66.21,-25.69
-64.87,-22.94
-63.41,-20.29
-61.84,-17.76
-60.17,-15.35
-58.39,-13.06
-56.51,-10.90
-54.55,-8.86
-52.51,-6.96
-50.39,-5.20
-48.21,-3.59
-45.97,-2.11
-43.67,-0.78
-41.33,0.40
-38.95,1.43
-36.55,2.31
-34.12,3.03
-31.68,3.61
-29.23,4.03
-26.78,4.30
-24.34,4.41
-21.92,4.38
-19.53,4.19
-17.16,3.86
-14.84,3.38
-12.57,2.75
-10.34,1.99
-8.18,1.09
-6.09,0.05
-4.07,-1.12
-2.14,-2.41
-0.29,-3.83
1.46,-5.36
3.11,-7.01
4.66,-8.77
6.09,-10.63
7.41,-12.58
8.61,-14.62
9.68,-16.75
10.62,-18.96
11.43,-21.23
12.10,-23.58
12.63,-25.97
13.01,-28.42
13.25,-30.91
13.33,-33.44
13.27,-35.99
13.05,-38.57
12.68,-41.15
12.16,-43.75
11.48,-46.33
10.64,-48.91
9.65,-51.47
8.50,-54.00
7.21,-56.50
5.76,-58.95
4.15,-61.36
2.41,-63.71
0.51,-65.99
-1.53,-68.21
-3.70,-70.34
-6.02,-72.39
-8.46,-74.34
-11.04,-76.19
-13.73,-77.94
-16.55,-79.58
-19.48,-81.09
-22.52,-82.48
-25.66,-83.74
-28.90,-84.87
-32.23,-85.85
-35.64,-86.69
-39.13,-87.38
-42.69,-87.92
-46.32,-88.29
-50.00,-88.51
-53.73,-88.56
-57.50,-88.44
-61.30,-88.16
-65.13,-87.70
-68.98,-87.07
-72.84,-86.26
-76.70,-85.27
-80.55,-84.11
-84.39,-82.78
-88.20,-81.26
-91.99,-79.57
-95.73,-77.70
-99.43,-75.66
-103.08,-73.45
-106.66,-71.06
-110.16,-68.51
-113.59,-65.79
-116.94,-62.91
-120.18,-59.87
-123.33,-56.67
-126.37,-53.32
-129.29,-49.83
-132.09,-46.19
-134.76,-42.41
-137.29,-38.51
-139.69,-34.48
-141.93,-30.33
-144.02,-26.06
-145.95,-21.69
-147.72,-17.22
-149.32,-12.65
-150.74,-8.00
-151.99,-3.27
-153.06,1.53
-153.94,6.40
-154.64,11.32
-155.14,16.28
-155.46,21.29
-155.57,26.33
-155.50,31.39
-155.22,36.46
-154.75,41.54
-154.08,46.62
-153.21,51.69
-152.14,56.73
-150.87,61.75
-149.41,66.73
-147.75,71.67
-145.89,76.55
-143.85,81.36
-141.62,86.11
-139.20,90.78
-136.60,95.36
-133.82,99.85
-130.87,104.24
-127.74,108.51
-124.45,112.67
-121.00,116.71
-117.40,120.61
-113.64,124.38
-109.74,128.01
-105.71,131.48
-101.54,134.80
-97.25,137.96
-92.84,140.95
-88.32,143.78
-83.69,146.43
-78.98,148.89
-74.17,151.18
-69.28,153.28
-64.33,155.19
-59.31,156.90
-54.23,158.42
-49.11,159.75
-43.94,160.87
-38.75,161.80
-33.54,162.52
-28.31,163.04
-23.09,163.36
-17.86,163.48
-12.65,163.40
-7.46,163.12
-2.30,162.65
2.82,161.97
7.90,161.10
12.92,160.04
17.87,158.80
22.76,157.36
27.56,155.75
32.28,153.95
36.91,151.99
41.43,149.85
45.85,147.55
50.16,145.09
54.34,142.48
58.39,139.72
62.31,136.82
66.10,133.79
69.74,130.63
73.23,127.34
76.56,123.94
79.74,120.43
82.75,116.83
85.60,113.13
88.28,109.34
90.79,105.48
93.12,101.55
95.28,97.56
97.25,93.51
99.05,89.43
100.66,85.30
102.10,81.15
103.34,76.97
104.41,72.79
105.29,68.60
105.99,64.42
106.51,60.25
106.86,56.10
107.02,51.98
107.01,47.89
106.83,43.86
106.48,39.87
105.96,35.94
105.28,32.09
104.44,28.30
103.44,24.60
102.30,20.98
101.01,17.46
99.59,14.04
98.03,10.73
96.34,7.53
94.52,4.44
92.59,1.48
90.56,-1.35
88.41,-4.05
86.18,-6.62
83.85,-9.04
81.44,-11.32
78.95,-13.45
76.40,-15.44
73.79,-17.27
71.13,-18.95
68.42,-20.47
65.67,-21.84
62.90,-23.04
60.10,-24.09
57.29,-24.98
54.48,-25.71
51.67,-26.28
48.87,-26.70
46.08,-26.95
43.33,-27.06
40.60,-27.01
37.92,-26.81
35.28,-26.46
32.70,-25.97
30.19,-25.33
27.74,-24.56
25.37,-23.65
23.08,-22.62
20.88,-21.46
18.77,-20.18
16.76,-18.78
14.86,-17.28
13.07,-15.67
11.40,-13.96
9.85,-12.17
8.42,-10.28
7.12,-8.32
5.96,-6.29
4.93,-4.19
4.04,-2.04
3.29,0.17
2.69,2.42
2.23,4.70
1.93,7.01
1.77,9.35
1.76,11.69
1.91,14.04
2.20,16.39
2.65,18.73
3.24,21.05
3.99,23.34
4.89,25.60
5.93,27.82
7.11,29.99
8.44,32.11
9.91,34.16
11.51,36.14
13.25,38.05
15.12,39.87
17.11,41.60
19.22,43.23
21.45,44.76
23.79,46.18
26.24,47.48
28.79,48.66
31.43,49.72
34.16,50.65
36.97,51.44
39.86,52.09
42.82,52.59
45.84,52.95
48.91,53.16
52.03,53.21
55.20,53.11
58.39,52.84
61.61,52.41
64.85,51.82
68.10,51.07
71.35,50.15
74.59,49.06
77.82,47.81
81.02,46.39
84.20,44.80
87.34,43.05
90.43,41.14
93.47,39.06
96.44,36.83
99.35,34.43
102.18,31.88
104.92,29.18
107.57,26.33
110.12,23.34
112.57,20.21
114.90,16.94
117.11,13.53
119.20,10.01
121.15,6.36
122.97,2.60
124.64,-1.28
126.16,-5.25
127.53,-9.32
128.74,-13.48
129.79,-17.73
130.66,-22.04
131.37,-26.43
131.90,-30.88
132.25,-35.38
132.42,-39.93
132.40,-44.51
132.20,-49.12
131.82,-53.75
131.24,-58.40
130.47,-63.05
129.51,-67.70
128.36,-72.33
127.02,-76.94
125.49,-81.53
123.77,-86.07
121.86,-90.57
119.77,-95.02
117.49,-99.40
115.03,-103.71
112.38,-107.94
109.57,-112.09
106.58,-116.14
103.42,-120.09
100.09,-123.93
96.61,-127.65
92.97,-131.25
89.18,-134.72
85.25,-138.05
81.17,-141.24
76.97,-144.27
72.64,-147.16
68.18,-149.88
63.62,-152.43
58.95,-154.82
54.18,-157.02
49.32,-159.05
44.37,-160.90
39.35,-162.55
34.27,-164.02
29.12,-165.29
23.92,-166.36
18.68,-167.24
13.40,-167.92
8.10,-168.39
2.78,-168.67
-2.54,-168.74
-7.87,-168.61
-13.19,-168.27
-18.49,-167.73
-23.77,-166.99
-29.01,-166.05
-34.21,-164.91
-39.36,-163.58
-44.45,-162.05
-49.47,-160.33
-54.41,-158.42
-59.27,-156.32
-64.04,-154.05
-68.72,-151.60
-73.28,-148.98
-77.73,-146.19
-82.06,-143.24
-86.27,-140.13
-90.34,-136.87
-94.27,-133.47
-98.06,-129.93
-101.70,-126.26
-105.18,-122.46
-108.50,-118.54
-111.65,-114.52
-114.64,-110.39
-117.45,-106.16
-120.08,-101.85
-122.54,-97.46
-124.81,-93.00
-126.89,-88.47
-128.79,-83.89
-130.50,-79.26
-132.02,-74.59
-133.34,-69.89
-134.47,-65.17
-135.41,-60.43
-136.16,-55.69
-136.72,-50.96
-137.08,-46.23
-137.25,-41.53
-137.24,-36.85
-137.04,-32.22
-136.66,-27.62
-136.10,-23.08
-135.35,-18.60
-134.44,-14.18
-133.35,-9.84
-132.10,-5.59
-130.69,-1.42
-129.12,2.65
-127.40,6.62
-125.53,10.48
-123.52,14.22
-121.37,17.84
-119.10,21.34
-116.70,24.70
-114.19,27.93
-111.57,31.02
-108.85,33.96
-106.03,36.75
-103.12,39.39
-100.14,41.88
-97.08,44.20
-93.96,46.37
-90.78,48.37
-87.55,50.21
-84.28,51.88
-80.98,53.38
-77.65,54.71
-74.31,55.88
-70.96,56.88
-67.60,57.71
-64.26,58.37
-60.93,58.87
-57.62,59.20
-54.34,59.37
-51.10,59.38
-47.90,59.23
-44.76,58.93
-41.68,58.48
-38.66,57.89
-35.72,57.15
-32.86,56.27
-30.09,55.25
-27.41,54.11
-24.83,52.84
-22.35,51.46
-19.98,49.96
-17.73,48.35
-15.60,46.65
-13.59,44.85
-11.71,42.96
-9.96,40.99
-8.35,38.95
-6.88,36.84
-5.55,34.67
-4.36,32.45
-3.32,30.19
-2.43,27.88
-1.68,25.55
-1.09,23.20
-0.65,20.83
-0.37,18.45
-0.23,16.08
-0.24,13.72
-0.41,11.37
-0.72,9.05
-1.18,6.75
-1.79,4.50
-2.54,2.30
-3.43,0.15
-4.46,-1.94
-5.62,-3.96
-6.92,-5.91
-8.34,-7.77
-9.89,-9.55
-11.55,-11.23
-13.32,-12.81
-15.21,-14.28
-17.19,-15.65
-19.28,-16.89
-21.45,-18.02
-23.71,-19.01
-26.05,-19.88
-28.46,-20.61
-30.94,-21.20
-33.47,-21.65
-36.05,-21.95
-38.68,-22.11
-41.35,-22.11
-44.04,-21.96
-46.75,-21.66
-49.48,-21.20
-52.21,-20.59
-54.94,-19.81
-57.67,-18.88
-60.37,-17.79
-63.05,-16.55
-65.69,-15.14
-68.30,-13.59
-70.85,-11.88
-73.35,-10.02
-75.78,-8.00
-78.14,-5.85
-80.43,-3.55
-82.62,-1.11
-84.73,1.47
-86.73,4.18
-88.63,7.01
-90.41,9.97
-92.08,13.05
-93.62,16.24
-95.02,19.54
-96.30,22.93
-97.43,26.43
-98.41,30.01
-99.24,33.67
-99.92,37.41
-100.43,41.22
-100.79,45.09
-100.97,49.01
-100.99,52.98
-100.83,56.98
-100.50,61.02
-99.99,65.08
-99.31,69.15
-98.44,73.23
-97.40,77.31
-96.17,81.38
-94.76,85.43
-93.17,89.45
-91.40,93.44
-89.45,97.39
-87.33,101.28
-85.03,105.12
-82.55,108.88
-79.91,112.58
-77.09,116.19
-74.11,119.71
-70.97,123.13
-67.68,126.44
-64.22,129.64
-60.63,132.73
-56.88,135.68
-53.00,138.50
-48.99,141.19
-44.85,143.72
-40.59,146.11
-36.21,148.34
-31.73,150.40
-27.15,152.30
-22.47,154.02
-17.71,155.57
-12.87,156.94
-7.96,158.13
-2.98,159.13
2.05,159.93
7.13,160.55
12.24,160.97
17.39,161.19
22.56,161.22
27.74,161.04
32.93,160.66
38.11,160.09
43.28,159.31
48.43,158.33
53.55,157.16
58.63,155.78
63.67,154.21
68.65,152.44
73.57,150.48
78.41,148.34
83.18,146.00
87.86,143.49
92.44,140.79
96.92,137.92
101.29,134.87
105.55,131.67
109.68,128.30
113.67,124.77
117.53,121.10
121.25,117.28
124.82,113.32
128.23,109.24
131.48,105.03
134.57,100.70
137.48,96.26
140.22,91.72
142.78,87.09
145.16,82.37
147.35,77.57
149.35,72.70
151.16,67.76
152.78,62.77
154.20,57.74
155.42,52.67
156.44,47.57
157.27,42.45
157.89,37.31
158.32,32.18
158.54,27.04
158.57,21.93
158.40,16.83
158.04,11.76
157.48,6.74
156.72,1.76
155.78,-3.16
154.66,-8.02
153.35,-12.81
151.86,-17.52
150.20,-22.15
148.37,-26.68
146.37,-31.11
144.21,-35.43
141.89,-39.64
139.43,-43.73
136.82,-47.69
134.07,-51.52
131.20,-55.21
128.20,-58.76
125.07,-62.16
121.84,-65.41
118.51,-68.51
115.08,-71.44
111.56,-74.21
107.96,-76.81
104.28,-79.24
100.54,-81.50
96.75,-83.59
92.90,-85.50
89.01,-87.23
85.09,-88.79
81.15,-90.16
77.19,-91.36
73.22,-92.38
69.25,-93.22
65.29,-93.88
61.34,-94.36
57.42,-94.68
53.53,-94.81
49.68,-94.78
45.88,-94.58
42.13,-94.22
38.45,-93.70
34.83,-93.02
31.29,-92.19
27.84,-91.20
24.47,-90.08
21.20,-88.81
18.03,-87.42
14.97,-85.89
12.03,-84.24
9.20,-82.48
6.49,-80.61
3.91,-78.63
1.47,-76.56
-0.84,-74.40
-3.01,-72.15
-5.04,-69.83
-6.92,-67.44
-8.65,-64.99
-10.23,-62.49
-11.66,-59.94
-12.94,-57.36
-14.06,-54.74
-15.02,-52.10
-15.83,-49.45
-16.48,-46.79
-16.97,-44.14
-17.31,-41.49
-17.49,-38.86
-17.53,-36.25
-17.41,-33.67
-17.14,-31.14
-16.73,-28.65
-16.17,-26.22
-15.47,-23.84
-14.64,-21.54
-13.67,-19.31
-12.57,-17.16
-11.36,-15.10
-10.02,-13.13
-8.56,-11.26
-7.00,-9.50
-5.34,-7.84
-3.58,-6.31
-1.72,-4.89
0.22,-3.60
2.23,-2.44
4.32,-1.40
6.47,-0.51
8.68,0.24
10.94,0.86
13.25,1.32
15.59,1.65
17.96,1.82
20.35,1.84
22.75,1.71
25.16,1.43
27.56,1.00
29.96,0.41
32.34,-0.33
34.69,-1.22
37.00,-2.25
39.28,-3.44
41.51,-4.77
43.68,-6.25
45.79,-7.87
47.83,-9.62
49.79,-11.52
51.67,-13.54
53.45,-15.69
55.14,-17.96
56.72,-20.36
58.20,-22.86
59.55,-25.48
60.79,-28.20
61.90,-31.01
62.87,-33.92
63.71,-36.91
64.41,-39.99
64.96,-43.13
65.36,-46.34
65.60,-49.60
65.69,-52.92
65.62,-56.28
65.39,-59.68
64.99,-63.10
64.43,-66.55
63.70,-70.01
62.80,-73.47
61.73,-76.93
60.49,-80.37
59.08,-83.80
57.50,-87.20
55.75,-90.57
53.83,-93.89
51.75,-97.15
49.50,-100.36
47.09,-103.51
44.52,-106.57
41.79,-109.56
38.91,-112.45
35.88,-115.25
32.70,-117.94
29.39,-120.52
25.93,-122.98
22.34,-125.32
18.63,-127.52
14.80,-129.59
10.85,-131.51
6.79,-133.29
2.62,-134.91
-1.63,-136.37
-5.98,-137.67
-10.41,-138.80
-14.91,-139.75
-19.49,-140.53
-24.12,-141.13
-28.80,-141.55
-33.53,-141.78
-38.29,-141.83
-43.08,-141.68
-47.89,-141.34
-52.71,-140.81
-57.54,-140.09
-62.35,-139.17
-67.16,-138.06
-71.94,-136.76
-76.69,-135.26
-81.40,-133.57
-86.06,-131.68
-90.66,-129.61
-95.20,-127.36
-99.67,-124.91
-104.06,-122.29
-108.36,-119.49
-112.56,-116.51
-116.66,-113.37
-120.64,-110.06
-124.51,-106.58
-128.25,-102.96
-131.86,-99.18
-135.33,-95.25
-138.65,-91.18
-141.83,-86.99
-144.84,-82.66
-147.69,-78.21
-150.38,-73.65
-152.89,-68.99
-155.23,-64.22
-157.39,-59.37
-159.36,-54.43
-161.14,-49.42
-162.73,-44.33
-164.12,-39.19
-165.32,-34.00
-166.32,-28.76
-167.12,-23.49
-167.72,-18.20
-168.12,-12.89
-168.31,-7.57
-168.30,-2.25
-168.09,3.06
-167.67,8.36
-167.05,13.62
-166.24,18.86
-165.22,24.05
-164.01,29.18
-162.61,34.26
-161.02,39.27
-159.24,44.21
-157.28,49.06
-155.13,53.82
-152.82,58.48
-150.33,63.04
-147.68,67.48
-144.86,71.80
-141.90,76.00
-138.78,80.06
-135.52,83.99
-132.13,87.77
-128.60,91.40
-124.96,94.88
-121.20,98.20
-117.32,101.35
-113.35,104.34
-109.29,107.16
-105.14,109.79
-100.91,112.26
-96.61,114.54
-92.25,116.63
-87.84,118.54
-83.38,120.27
-78.89,121.80
-74.37,123.15
-69.83,124.31
-65.27,125.28
-60.72,126.06
-56.17,126.65
-51.63,127.05
-47.11,127.27
-42.63,127.31
-38.18,127.16
-33.78,126.83
-29.43,126.33
-25.15,125.65
-20.93,124.81
-16.79,123.79
-12.73,122.62
-8.76,121.29
-4.89,119.81
-1.12,118.18
2.54,116.42
6.08,114.51
9.51,112.48
12.80,110.32
15.97,108.04
19.00,105.66
21.89,103.17
24.64,100.59
27.24,97.91
29.69,95.16
31.99,92.33
34.12,89.43
36.10,86.48
37.92,83.47
39.58,80.42
41.07,77.34
42.40,74.22
43.56,71.09
44.56,67.95
45.40,64.80
46.07,61.66
46.58,58.53
46.92,55.42
47.11,52.33
47.14,49.29
47.02,46.28
46.74,43.33
46.31,40.43
45.74,37.60
45.03,34.83
44.18,32.15
43.20,29.55
42.09,27.04
40.86,24.63
39.51,22.32
38.05,20.12
36.48,18.03
34.81,16.05
33.05,14.20
31.20,12.48
29.27,10.89
27.27,9.43
25.20,8.11
23.07,6.93
20.89,5.89
18.67,4.99
16.40,4.25
14.11,3.65
11.80,3.20
9.47,2.90
7.13,2.76
4.80,2.76
2.48,2.92
0.17,3.22
-2.12,3.68
-4.37,4.28
-6.58,5.02
-8.74,5.91
-10.86,6.95
-12.91,8.12
-14.89,9.42
-16.79,10.86
-18.62,12.42
-20.35,14.11
-21.99,15.92
-23.53,17.84
-24.97,19.87
-26.29,22.00
-27.49,24.23
-28.57,26.55
-29.52,28.96
-30.34,31.45
-31.02,34.02
-31.57,36.65
-31.96,39.34
-32.22,42.08
-32.32,44.87
-32.26,47.69
-32.06,50.55
-31.70,53.42
-31.17,56.32
-30.49,59.22
-29.65,62.11
-28.65,65.00
-27.49,67.88
-26.17,70.73
-24.68,73.55
-23.04,76.32
-21.25,79.05
-19.30,81.73
-17.19,84.34
-14.94,86.88
-12.53,89.34
-9.99,91.72
-7.30,94.00
-4.48,96.18
-1.52,98.26
1.56,100.23
4.77,102.07
8.09,103.79
11.53,105.38
15.07,106.83
18.71,108.14
22.44,109.30
26.26,110.30
30.17,111.16
34.14,111.84
38.18,112.37
42.29,112.72
46.44,112.91
50.63,112.92
54.87,112.75
59.13,112.40
63.40,111.87
67.70,111.16
71.99,110.26
76.28,109.18
80.56,107.92
84.81,106.47
89.04,104.84
93.22,103.02
97.37,101.02
101.45,98.84
105.48,96.48
109.43,93.94
113.30,91.24
117.09,88.36
120.78,85.31
124.38,82.10
127.86,78.73
131.23,75.21
134.47,71.54
137.58,67.72
140.56,63.76
143.39,59.67
146.08,55.45
148.61,51.11
150.97,46.66
153.18,42.10
155.21,37.43
157.07,32.68
158.75,27.83
160.25,22.91
161.56,17.92
162.68,12.86
163.61,7.75
164.34,2.59
164.88,-2.60
165.21,-7.83
165.35,-13.08
165.29,-18.34
165.02,-23.60
164.55,-28.86
163.88,-34.11
163.01,-39.34
161.94,-44.53
160.66,-49.69
159.20,-54.80
157.53,-59.85
155.68,-64.84
153.63,-69.76
151.39,-74.60
148.98,-79.35
146.38,-84.00
143.61,-88.56
140.67,-93.00
137.56,-97.32
134.29,-101.52
130.87,-105.59
127.30,-109.52
123.58,-113.30
119.73,-116.94
115.75,-120.42
111.64,-123.74
107.42,-126.90
103.09,-129.88
98.66,-132.69
94.13,-135.32
89.52,-137.78
84.83,-140.04
80.07,-142.12
75.25,-144.01
70.38,-145.70
65.46,-147.20
60.50,-148.51
55.52,-149.61
50.51,-150.53
45.50,-151.24
40.48,-151.75
35.47,-152.07
30.48,-152.19
25.50,-152.12
20.56,-151.86
15.66,-151.40
10.81,-150.75
6.01,-149.92
1.27,-148.91
-3.39,-147.72
-7.98,-146.35
-12.47,-144.81
-16.88,-143.10
-21.18,-141.23
-25.38,-139.21
-29.47,-137.03
-33.43,-134.71
-37.27,-132.25
-40.98,-129.65
-44.55,-126.93
-47.98,-124.08
-51.27,-121.13
-54.40,-118.06
-57.38,-114.90
-60.20,-111.64
-62.86,-108.30
-65.36,-104.89
-67.69,-101.40
-69.84,-97.85
-71.83,-94.25
-73.65,-90.61
-75.29,-86.92
-76.75,-83.21
-78.04,-79.48
-79.16,-75.74
-80.10,-71.99
-80.87,-68.24
-81.46,-64.51
-81.88,-60.80
-82.13,-57.11
-82.22,-53.46
-82.14,-49.86
-81.90,-46.30
-81.50,-42.80
-80.94,-39.37
-80.23,-36.00
-79.38,-32.72
-78.38,-29.52
-77.25,-26.42
-75.99,-23.41
-74.59,-20.51
-73.08,-17.71
-71.45,-15.03
-69.71,-12.47
-67.87,-10.03
-65.93,-7.72
-63.90,-5.55
-61.79,-3.51
-59.60,-1.61
-57.35,0.15
-55.03,1.76
-52.66,3.23
-50.25,4.54
-47.79,5.70
-45.31,6.71
-42.80,7.57
-40.28,8.27
-37.75,8.82
-35.22,9.21
-32.70,9.45
-30.19,9.54
-27.71,9.47
-25.26,9.26
-22.85,8.90
-20.49,8.39
-18.17,7.75
-15.92,6.96
-13.74,6.04
-11.63,4.98
-9.60,3.80
-7.66,2.49
-5.81,1.07
-4.06,-0.47
-2.41,-2.12
-0.88,-3.87
0.54,-5.72
1.84,-7.65
3.02,-9.68
4.06,-11.78
4.98,-13.96
5.75,-16.19
6.39,-18.49
6.88,-20.84
7.23,-23.23
7.43,-25.66
7.48,-28.12
7.38,-30.60
7.13,-33.09
6.72,-35.59
6.16,-38.08
5.45,-40.57
4.58,-43.03
3.56,-45.48
2.39,-47.89
1.07,-50.25
-0.41,-52.57
-2.02,-54.84
-3.78,-57.04
-5.68,-59.17
-7.72,-61.22
-9.90,-63.19
-12.20,-65.06
-14.63,-66.84
-17.19,-68.52
-19.86,-70.08
-22.64,-71.52
-25.52,-72.84
-28.51,-74.04
-31.60,-75.10
-34.77,-76.02
-38.02,-76.80
-41.35,-77.43
-44.75,-77.90
-48.21,-78.23
-51.72,-78.39
-55.29,-78.39
-58.89,-78.23
-62.52,-77.90
-66.18,-77.40
-69.85,-76.72
-73.53,-75.88
-77.21,-74.86
-80.88,-73.67
-84.54,-72.31
-88.17,-70.77
-91.77,-69.06
-95.33,-67.17
-98.84,-65.12
-102.30,-62.89
-105.69,-60.50
-109.01,-57.94
-112.24,-55.22
-115.39,-52.34
-118.45,-49.31
-121.40,-46.13
-124.24,-42.79
-126.97,-39.32
-129.57,-35.70
-132.05,-31.96
-134.38,-28.08
-136.58,-24.09
-138.62,-19.98
-140.52,-15.76
-142.25,-11.43
-143.82,-7.01
-145.22,-2.51
-146.45,2.09
-147.51,6.75
-148.38,11.48
-149.07,16.27
-149.57,21.11
-149.88,26.00
-150.01,30.92
-149.94,35.86
-149.67,40.83
-149.21,45.80
-148.55,50.78
-147.69,55.75
-146.64,60.70
-145.39,65.63
-143.95,70.52
-142.31,75.38
-140.48,80.18
-138.46,84.93
-136.25,89.61
-133.85,94.22
-131.27,98.74
-128.51,103.17
-125.58,107.51
-122.47,111.74
-119.20,115.85
-115.77,119.85
-112.17,123.72
-108.43,127.45
-104.54,131.05
-100.51,134.50
-96.35,137.79
-92.06,140.93
-87.64,143.90
-83.12,146.71
-78.49,149.34
-73.76,151.80
-68.94,154.07
-64.04,156.16
-59.06,158.06
-54.01,159.77
-48.90,161.28
-43.75,162.59
-38.55,163.71
-33.32,164.63
-28.06,165.35
-22.79,165.86
-17.51,166.17
-12.23,166.28
-6.95,166.19
-1.70,165.89
3.53,165.40
8.72,164.71
13.87,163.82
18.96,162.74
24.00,161.46
28.97,160.00
33.87,158.35
38.68,156.52
43.40,154.52
48.02,152.34
52.53,149.99
56.94,147.48
61.22,144.81
65.38,141.99
69.41,139.03
73.30,135.92
77.04,132.68
80.64,129.31
84.09,125.83
87.37,122.23
90.50,118.52
93.46,114.72
96.25,110.82
98.86,106.85
101.30,102.80
103.57,98.68
105.65,94.50
107.55,90.27
109.26,86.00
110.79,81.70
112.13,77.37
113.29,73.02
114.26,68.67
115.05,64.31
115.65,59.96
116.07,55.63
116.31,51.32
116.37,47.05
116.25,42.81
115.96,38.62
115.49,34.49
114.86,30.42
114.06,26.42
113.10,22.49
111.99,18.65
110.72,14.90
109.31,11.25
107.76,7.71
106.07,4.27
104.25,0.95
102.31,-2.26
100.25,-5.33
98.08,-8.28
95.81,-11.09
93.44,-13.76
90.97,-16.29
88.43,-18.67
85.81,-20.91
83.12,-22.99
80.37,-24.91
77.57,-26.68
74.72,-28.29
71.84,-29.75
68.92,-31.04
65.99,-32.16
63.04,-33.13
60.08,-33.94
57.13,-34.58
54.19,-35.07
51.27,-35.40
48.37,-35.57
45.50,-35.58
42.68,-35.44
39.90,-35.16
37.18,-34.72
34.52,-34.15
31.93,-33.43
29.41,-32.58
26.98,-31.59
24.64,-30.48
22.39,-29.25
20.24,-27.90
18.20,-26.44
16.27,-24.87
14.45,-23.21
12.76,-21.45
11.19,-19.61
9.75,-17.68
8.44,-15.68
7.27,-13.62
6.23,-11.50
5.34,-9.32
4.60,-7.10
4.00,-4.84
3.55,-2.56
3.24,-0.25
3.09,2.08
3.09,4.41
3.24,6.73
3.54,9.05
3.99,11.36
4.59,13.63
5.34,15.88
6.23,18.09
7.27,20.25
8.45,22.35
9.77,24.40
11.22,26.38
12.81,28.28
14.53,30.09
16.37,31.82
18.33,33.45
20.41,34.99
22.59,36.41
24.89,37.72
27.28,38.91
29.77,39.98
32.34,40.92
35.00,41.72
37.73,42.39
40.53,42.92
43.39,43.30
46.31,43.53
49.27,43.60
52.27,43.53
55.31,43.29
58.37,42.90
61.44,42.34
64.53,41.63
67.62,40.75
70.70,39.71
73.77,38.50
76.81,37.13
79.82,35.59
82.80,33.90
85.72,32.04
88.60,30.03
91.41,27.86
94.15,25.53
96.82,23.05
99.40,20.42
101.89,17.65
104.28,14.74
106.57,11.69
108.74,8.50
110.79,5.19
112.72,1.76
114.51,-1.79
116.17,-5.45
117.69,-9.22
119.06,-13.09
120.27,-17.05
121.33,-21.09
122.22,-25.22
122.95,-29.42
123.51,-33.68
123.89,-38.00
124.10,-42.37
124.12,-46.78
123.97,-51.22
123.63,-55.69
123.11,-60.18
122.40,-64.67
121.50,-69.17
120.41,-73.66
119.14,-78.14
117.67,-82.59
116.02,-87.00
114.19,-91.38
112.16,-95.71
109.96,-99.98
107.57,-104.18
105.00,-108.31
102.26,-112.36
99.35,-116.32
96.27,-120.18
93.02,-123.94
89.61,-127.59
86.04,-131.11
82.33,-134.51
78.46,-137.78
74.46,-140.91
70.32,-143.89
66.06,-146.72
61.67,-149.40
57.17,-151.91
52.55,-154.25
47.84,-156.42
43.03,-158.42
38.14,-160.23
33.17,-161.86
28.12,-163.30
23.02,-164.55
17.86,-165.60
12.65,-166.46
7.40,-167.11
2.13,-167.57
-3.17,-167.83
-8.48,-167.88
-13.79,-167.73
-19.10,-167.38
-24.39,-166.83
-29.67,-166.07
-34.91,-165.11
-40.11,-163.96
-45.26,-162.60
-50.36,-161.05
-55.40,-159.31
-60.36,-157.38
-65.24,-155.26
-70.04,-152.95
-74.73,-150.47
-79.33,-147.82
-83.81,-144.99
-88.18,-142.00
-92.42,-138.85
-96.53,-135.55
-100.51,-132.10
-104.34,-128.50
-108.02,-124.77
-111.54,-120.91
-114.91,-116.93
-118.11,-112.84
-121.15,-108.64
-124.01,-104.33
-126.69,-99.94
-129.19,-95.46
-131.51,-90.90
-133.64,-86.28
-135.59,-81.59
-137.34,-76.85
-138.90,-72.07
-140.27,-67.26
-141.44,-62.41
-142.42,-57.55
-143.20,-52.68
-143.79,-47.81
-144.19,-42.95
-144.39,-38.10
-144.40,-33.28
-144.22,-28.48
-143.85,-23.73
-143.29,-19.03
-142.56,-14.38
-141.65,-9.80
-140.56,-5.29
-139.30,-0.86
-137.87,3.49
-136.28,7.74
-134.53,11.89
-132.63,15.93
-130.58,19.87
-128.39,23.68
-126.07,27.37
-123.61,30.92
-121.04,34.35
-118.34,37.63
-115.54,40.77
-112.64,43.76
-109.64,46.59
-106.56,49.27
-103.39,51.80
-100.16,54.15
-96.86,56.35
-93.50,58.38
-90.09,60.24
-86.65,61.92
-83.17,63.44
-79.67,64.79
-76.15,65.97
-72.62,66.97
-69.10,67.81
-65.58,68.47
-62.08,68.97
-58.60,69.30
-55.15,69.46
-51.74,69.47
-48.38,69.31
-45.07,69.00
-41.83,68.53
-38.65,67.92
-35.55,67.15
-32.53,66.25
-29.59,65.21
-26.76,64.05
-24.02,62.75
-21.38,61.33
-18.86,59.80
-16.46,58.17
-14.17,56.42
-12.01,54.59
-9.99,52.66
-8.09,50.65
-6.33,48.57
-4.71,46.41
-3.24,44.20
-1.91,41.93
-0.72,39.61
0.31,37.26
1.19,34.88
1.92,32.47
2.50,30.05
2.93,27.62
3.20,25.19
3.32,22.77
3.29,20.36
3.11,17.97
2.78,15.62
2.31,13.31
1.69,11.04
0.93,8.82
0.03,6.66
-1.00,4.57
-2.17,2.56
-3.46,0.62
-4.88,-1.23
-6.42,-2.98
-8.07,-4.64
-9.83,-6.19
-11.69,-7.63
-13.65,-8.96
-15.70,-10.16
-17.83,-11.24
-20.05,-12.19
-22.34,-13.01
-24.69,-13.69
-27.10,-14.22
-29.57,-14.62
-32.08,-14.87
-34.62,-14.97
-37.20,-14.91
-39.79,-14.71
-42.40,-14.35
-45.02,-13.83
-47.64,-13.17
-50.24,-12.34
-52.83,-11.36
-55.40,-10.22
-57.93,-8.93
-60.42,-7.49
-62.87,-5.89
-65.25,-4.15
-67.58,-2.26
-69.83,-0.23
-72.01,1.95
-74.10,4.26
-76.10,6.71
-78.01,9.29
-79.80,11.99
-81.49,14.81
-83.05,17.75
-84.50,20.80
-85.81,23.95
-86.99,27.20
-88.03,30.55
-88.93,33.98
-89.67,37.49
-90.26,41.07
-90.70,44.72
-90.97,48.43
-91.08,52.19
-91.02,55.99
-90.79,59.83
-90.39,63.70
-89.81,67.59
-89.06,71.49
-88.14,75.39
-87.03,79.29
-85.75,83.18
-84.29,87.05
-82.65,90.89
-80.83,94.69
-78.84,98.45
-76.68,102.15
-74.34,105.80
-71.83,109.37
-69.16,112.87
-66.32,116.28
-63.32,119.61
-60.16,122.83
-56.85,125.94
-53.39,128.95
-49.79,131.83
-46.04,134.58
-42.17,137.20
-38.16,139.67
-34.03,142.01
-29.79,144.19
-25.43,146.21
-20.98,148.07
-16.42,149.76
-11.78,151.28
-7.06,152.62
-2.26,153.79
2.61,154.77
7.53,155.56
12.51,156.16
17.52,156.57
22.57,156.79
27.65,156.81
32.74,156.63
37.85,156.26
42.95,155.68
48.04,154.91
53.12,153.94
58.17,152.77
63.19,151.40
68.17,149.83
73.09,148.07
77.96,146.12
82.76,143.98
87.48,141.65
92.12,139.14
96.67,136.44
101.12,133.57
105.46,130.53
109.69,127.32
113.79,123.95
117.77,120.42
121.62,116.74
125.32,112.91
128.87,108.94
132.28,104.84
135.52,100.61
138.60,96.27
141.51,91.80
144.25,87.23
146.81,82.57
149.19,77.81
151.38,72.97
153.39,68.06
155.20,63.07
156.82,58.03
158.24,52.94
159.47,47.81
160.49,42.65
161.32,37.46
161.94,32.25
162.37,27.04
162.59,21.83
162.61,16.63
162.43,11.45
162.06,6.29
161.49,1.17
160.72,-3.91
159.76,-8.94
158.61,-13.90
157.28,-18.80
155.76,-23.62
154.06,-28.36
152.19,-33.01
150.15,-37.56
147.95,-42.00
145.58,-46.33
143.06,-50.55
140.39,-54.64
137.57,-58.60
134.62,-62.42
131.54,-66.10
128.34,-69.64
125.02,-73.02
121.59,-76.25
118.05,-79.32
114.42,-82.22
110.71,-84.95
106.91,-87.52
103.05,-89.91
99.12,-92.12
95.13,-94.16
91.10,-96.02
87.03,-97.69
82.93,-99.19
78.80,-100.50
74.66,-101.63
70.52,-102.58
66.37,-103.35
62.24,-103.94
58.13,-104.35
54.04,-104.58
49.99,-104.64
45.98,-104.52
42.02,-104.23
38.11,-103.78
34.27,-103.17
30.51,-102.40
26.82,-101.47
23.22,-100.39
19.71,-99.16
16.29,-97.80
12.99,-96.30
9.79,-94.67
6.71,-92.92
3.75,-91.05
0.91,-89.07
-1.79,-86.98
-4.36,-84.80
-6.79,-82.52
-9.08,-80.16
-11.23,-77.73
-13.22,-75.22
-15.07,-72.66
-16.76,-70.04
-18.30,-67.37
-19.68,-64.67
-20.90,-61.93
-21.96,-59.17
-22.87,-56.40
-23.62,-53.62
-24.21,-50.84
-24.64,-48.07
-24.92,-45.31
-25.04,-42.58
-25.01,-39.88
-24.83,-37.22
-24.50,-34.61
-24.02,-32.05
-23.40,-29.55
-22.65,-27.11
-21.76,-24.76
-20.74,-22.48
-19.59,-20.29
-18.33,-18.19
-16.95,-16.19
-15.45,-14.30
-13.86,-12.52
-12.16,-10.85
-10.37,-9.30
-8.50,-7.88
-6.55,-6.58
-4.52,-5.42
-2.42,-4.39
-0.27,-3.50
1.93,-2.75
4.18,-2.15
6.47,-1.69
8.78,-1.38
11.12,-1.22
13.47,-1.21
15.83,-1.35
18.19,-1.65
20.54,-2.09
22.87,-2.69
25.18,-3.43
27.46,-4.33
29.70,-5.37
31.89,-6.56
34.02,-7.89
36.10,-9.36
38.10,-10.96
40.03,-12.71
41.88,-14.58
43.63,-16.58
45.29,-18.70
46.85,-20.94
48.30,-23.29
49.63,-25.75
50.85,-28.31
51.94,-30.97
52.90,-33.72
53.72,-36.55
54.41,-39.46
54.95,-42.44
55.34,-45.49
55.59,-48.59
55.68,-51.74
55.61,-54.93
55.38,-58.16
54.99,-61.42
54.43,-64.70
53.71,-67.98
52.83,-71.27
51.77,-74.56
50.55,-77.84
49.17,-81.09
47.61,-84.32
45.89,-87.51
44.01,-90.65
41.96,-93.75
39.75,-96.78
37.38,-99.75
34.86,-102.64
32.18,-105.44
29.35,-108.16
26.37,-110.78
23.26,-113.30
20.00,-115.70
16.61,-117.99
13.10,-120.15
9.46,-122.18
5.70,-124.07
1.83,-125.82
-2.14,-127.42
-6.21,-128.87
-10.38,-130.16
-14.63,-131.29
-18.96,-132.25
-23.36,-133.03
-27.82,-133.65
-32.34,-134.08
-36.91,-134.33
-41.51,-134.40
-46.15,-134.29
-50.82,-133.98
-55.49,-133.49
-60.18,-132.81
-64.86,-131.93
-69.54,-130.86
-74.20,-129.61
-78.83,-128.15
-83.42,-126.51
-87.98,-124.68
-92.48,-122.67
-96.92,-120.46
-101.29,-118.08
-105.59,-115.51
-109.80,-112.76
-113.93,-109.84
-117.95,-106.75
-121.86,-103.49
-125.66,-100.07
-129.34,-96.49
-132.89,-92.76
-136.31,-88.88
-139.58,-84.87
-142.71,-80.71
-145.68,-76.43
-148.49,-72.02
-151.14,-67.50
-153.62,-62.87
-155.93,-58.14
-158.05,-53.31
-160.00,-48.40
-161.75,-43.41
-163.32,-38.34
-164.70,-33.22
-165.88,-28.04
-166.86,-22.81
-167.64,-17.55
-168.22,-12.25
-168.60,-6.94
-168.78,-1.61
-168.75,3.72
-168.52,9.04
-168.09,14.35
-167.45,19.64
-166.62,24.90
-165.58,30.12
-164.35,35.29
-162.92,40.40
-161.30,45.45
-159.49,50.42
-157.50,55.32
-155.32,60.13
-152.97,64.84
-150.44,69.45
-147.74,73.95
-144.88,78.33
-141.86,82.59
-138.69,86.71
-135.38,90.70
-131.92,94.55
-128.33,98.25
-124.61,101.80
-120.77,105.18
-116.81,108.41
-112.76,111.46
-108.60,114.35
-104.35,117.05
-100.02,119.58
-95.62,121.93
-91.15,124.10
-86.62,126.07
-82.04,127.86
-77.42,129.46
-72.77,130.87
-68.09,132.09
-63.39,133.11
-58.69,133.94
-53.98,134.58
-49.29,135.03
-44.61,135.29
-39.96,135.37
-35.34,135.25
-30.77,134.96
-26.24,134.48
-21.77,133.82
-17.37,132.99
-13.04,131.99
-8.78,130.82
-4.62,129.49
-0.55,128.00
3.43,126.36
7.29,124.57
11.04,122.63
14.68,120.57
18.19,118.37
21.57,116.04
24.81,113.60
27.92,111.05
30.88,108.40
33.70,105.65
36.37,102.81
38.88,99.89
41.23,96.89
43.43,93.83
45.46,90.70
47.33,87.53
49.03,84.31
50.57,81.06
51.93,77.78
53.14,74.49
54.17,71.18
55.04,67.86
55.74,64.56
56.27,61.26
56.64,57.99
56.85,54.74
56.90,51.53
56.79,48.37
56.53,45.25
56.12,42.20
55.56,39.20
54.85,36.28
54.01,33.44
53.03,30.69
51.93,28.02
50.69,25.45
49.34,22.99
47.88,20.63
46.30,18.39
44.63,16.26
42.85,14.26
40.99,12.39
39.05,10.64
37.04,9.04
34.95,7.57
32.80,6.24
30.60,5.05
28.36,4.01
26.07,3.12
23.75,2.37
21.42,1.78
19.06,1.34
16.70,1.05
14.33,0.91
11.98,0.92
9.64,1.08
7.32,1.39
5.03,1.85
2.78,2.46
0.58,3.21
-1.57,4.10
-3.67,5.13
-5.69,6.29
-7.64,7.59
-9.51,9.01
-11.30,10.56
-12.99,12.22
-14.58,14.01
-16.06,15.90
-17.44,17.89
-18.69,19.98
-19.83,22.17
-20.84,24.44
-21.72,26.79
-22.47,29.22
-23.08,31.71
-23.54,34.26
-23.86,36.87
-24.03,39.52
-24.05,42.20
-23.92,44.92
-23.64,47.66
-23.19,50.42
-22.60,53.19
-21.84,55.95
-20.92,58.71
-19.85,61.45
-18.62,64.16
-17.23,66.85
-15.68,69.49
-13.98,72.09
-12.13,74.63
-10.13,77.11
-7.98,79.52
-5.69,81.85
-3.25,84.10
-0.68,86.26
2.03,88.32
4.86,90.27
7.83,92.11
10.91,93.83
14.10,95.43
17.41,96.90
20.82,98.23
24.32,99.43
27.92,100.47
31.60,101.37
35.36,102.11
39.18,102.69
43.08,103.11
47.03,103.36
51.02,103.44
55.06,103.35
59.13,103.08
63.23,102.64
67.34,102.02
71.46,101.21
75.59,100.23
79.70,99.07
83.80,97.72
87.88,96.19
91.92,94.48
95.93,92.60
99.88,90.53
103.78,88.28
107.61,85.86
111.38,83.27
115.06,80.51
118.65,77.58
122.14,74.49
125.53,71.23
128.82,67.83
131.98,64.27
135.02,60.57
137.93,56.72
140.69,52.75
143.32,48.64
145.80,44.41
148.12,40.06
150.27,35.60
152.27,31.04
154.09,26.38
155.74,21.63
157.20,16.80
158.49,11.90
159.58,6.93
160.49,1.90
161.21,-3.18
161.73,-8.30
162.05,-13.45
162.18,-18.63
162.10,-23.83
161.83,-29.03
161.35,-34.23
160.68,-39.43
159.80,-44.60
158.72,-49.75
157.45,-54.87
155.97,-59.94
154.30,-64.96
152.44,-69.92
150.39,-74.82
148.15,-79.63
145.72,-84.36
143.11,-89.00
140.33,-93.54
137.37,-97.97
134.25,-102.29
130.96,-106.49
127.52,-110.55
123.92,-114.49
120.18,-118.28
116.30,-121.92
112.28,-125.41
108.14,-128.74
103.88,-131.91
99.50,-134.91
95.02,-137.73
90.45,-140.38
85.78,-142.85
81.03,-145.13
76.21,-147.23
71.32,-149.13
66.37,-150.84
61.37,-152.36
56.34,-153.68
51.27,-154.80
46.17,-155.72
41.07,-156.45
35.95,-156.97
30.84,-157.29
25.74,-157.42
20.65,-157.35
15.60,-157.08
10.58,-156.62
5.60,-155.97
0.68,-155.13
-4.19,-154.10
-8.98,-152.89
-13.70,-151.49
-18.34,-149.92
-22.88,-148.19
-27.33,-146.28
-31.68,-144.21
-35.91,-141.99
-40.02,-139.61
-44.01,-137.09
-47.88,-134.43
-51.60,-131.63
-55.19,-128.71
-58.63,-125.67
-61.92,-122.51
-65.06,-119.25
-68.03,-115.89
-70.85,-112.44
-73.50,-108.91
-75.98,-105.30
-78.29,-101.63
-80.43,-97.89
-82.39,-94.10
-84.18,-90.27
-85.79,-86.40
-87.22,-82.51
-88.48,-78.60
-89.55,-74.67
-90.45,-70.75
-91.17,-66.83
-91.72,-62.92
-92.09,-59.04
-92.29,-55.18
-92.32,-51.36
-92.18,-47.59
-91.87,-43.87
-91.41,-40.21
-90.79,-36.61
-90.01,-33.09
-89.09,-29.65
-88.02,-26.30
-86.81,-23.04
-85.47,-19.89
-84.00,-16.83
-82.41,-13.89
-80.69,-11.07
-78.87,-8.37
-76.95,-5.79
-74.92,-3.34
-72.81,-1.03
-70.61,1.14
-68.33,3.17
-65.98,5.06
-63.57,6.80
-61.11,8.39
-58.60,9.83
-56.05,11.11
-53.47,12.24
-50.86,13.22
-48.24,14.03
-45.61,14.70
-42.98,15.20
-40.36,15.56
-37.75,15.75
-35.16,15.80
-32.61,15.69
-30.09,15.44
-27.62,15.04
-25.20,14.49
-22.84,13.81
-20.55,12.98
-18.33,12.03
-16.19,10.94
-14.13,9.73
-12.17,8.40
-10.31,6.96
-8.55,5.40
-6.90,3.74
-5.37,1.98
-3.95,0.13
-2.66,-1.80
-1.49,-3.82
-0.46,-5.91
0.44,-8.06
1.19,-10.28
1.81,-12.55
2.28,-14.86
2.61,-17.21
2.78,-19.58
2.81,-21.99
2.68,-24.40
2.41,-26.82
1.98,-29.25
1.40,-31.66
0.66,-34.06
-0.22,-36.43
-1.26,-38.77
-2.44,-41.07
-3.78,-43.33
-5.25,-45.53
-6.87,-47.66
-8.63,-49.73
-10.53,-51.72
-12.55,-53.63
-14.71,-55.45
-16.99,-57.18
-19.39,-58.80
-21.91,-60.31
-24.54,-61.70
-27.27,-62.98
-30.10,-64.12
-33.03,-65.14
-36.04,-66.02
-39.13,-66.76
-42.30,-67.35
-45.53,-67.79
-48.83,-68.08
-52.17,-68.22
-55.57,-68.19
-59.00,-68.00
-62.46,-67.65
-65.94,-67.13
-69.44,-66.44
-72.95,-65.58
-76.45,-64.56
-79.94,-63.36
-83.42,-61.99
-86.87,-60.45
-90.29,-58.74
-93.67,-56.86
-97.00,-54.81
-100.27,-52.59
-103.47,-50.22
-106.60,-47.68
-109.66,-44.98
-112.62,-42.13
-115.49,-39.12
-118.25,-35.97
-120.90,-32.68
-123.44,-29.24
-125.86,-25.67
-128.14,-21.98
-130.29,-18.15
-132.29,-14.22
-134.15,-10.16
-135.86,-6.01
-137.40,-1.75
-138.79,2.59
-140.00,7.02
-141.05,11.53
-141.92,16.11
-142.61,20.76
-143.11,25.45
-143.43,30.20
-143.57,34.98
-143.51,39.79
-143.26,44.63
-142.82,49.48
-142.19,54.34
-141.36,59.19
-140.34,64.03
-139.12,68.85
-137.71,73.65
-136.10,78.41
-134.30,83.12
-132.32,87.78
-130.14,92.37
-127.78,96.90
-125.24,101.35
-122.51,105.71
-119.61,109.98
-116.54,114.15
-113.30,118.21
-109.90,122.15
-106.34,125.97
-102.62,129.66
-98.76,133.21
-94.75,136.62
-90.61,139.88
-86.34,142.99
-81.94,145.93
-77.43,148.71
-72.82,151.32
-68.09,153.75
-63.28,156.00
-58.38,158.07
-53.40,159.95
-48.35,161.64
-43.23,163.14
-38.06,164.44
-32.85,165.55
-27.60,166.45
-22.32,167.16
-17.02,167.66
-11.70,167.95
-6.39,168.05
-1.08,167.94
4.22,167.63
9.49,167.12
14.73,166.41
19.94,165.50
25.09,164.39
30.19,163.09
35.22,161.60
40.18,159.92
45.06,158.06
49.85,156.01
54.55,153.79
59.14,151.40
63.63,148.84
67.99,146.12
72.23,143.24
76.35,140.22
80.32,137.04
84.16,133.73
87.85,130.29
91.38,126.72
94.76,123.04
97.98,119.24
101.03,115.34
103.91,111.35
106.62,107.26
109.15,103.10
111.50,98.86
113.67,94.56
115.65,90.21
117.45,85.80
119.07,81.36
120.49,76.89
121.73,72.39
122.77,67.88
123.63,63.36
124.30,58.85
124.79,54.34
125.08,49.86
125.20,45.40
125.13,40.98
124.88,36.60
124.46,32.27
123.86,28.00
123.09,23.79
122.16,19.66
121.07,15.61
119.81,11.65
118.41,7.78
116.85,4.01
115.16,0.35
113.32,-3.20
111.36,-6.63
109.27,-9.93
107.07,-13.11
104.75,-16.15
102.32,-19.06
99.80,-21.82
97.19,-24.44
94.50,-26.91
91.72,-29.23
88.88,-31.39
85.98,-33.39
83.03,-35.23
80.03,-36.91
76.99,-38.43
73.92,-39.79
70.84,-40.98
67.73,-42.01
64.63,-42.87
61.52,-43.58
58.43,-44.11
55.35,-44.49
52.30,-44.71
49.28,-44.77
46.31,-44.68
43.38,-44.43
40.50,-44.04
37.69,-43.50
34.95,-42.81
32.29,-41.99
29.70,-41.04
27.21,-39.96
24.81,-38.75
22.51,-37.43
20.32,-35.99
18.24,-34.45
16.28,-32.80
14.43,-31.06
12.71,-29.24
11.13,-27.33
9.67,-25.34
8.35,-23.29
7.17,-21.17
6.13,-19.01
5.24,-16.79
4.50,-14.54
3.90,-12.26
3.45,-9.95
3.15,-7.63
3.00,-5.30
3.00,-2.97
3.16,-0.65
3.46,1.66
3.92,3.95
4.52,6.20
5.26,8.42
6.15,10.59
7.19,12.71
8.36,14.77
9.67,16.76
11.11,18.68
12.68,20.52
14.37,22.27
16.18,23.92
18.11,25.48
20.15,26.93
22.29,28.27
24.54,29.49
26.87,30.59
29.30,31.56
31.81,32.40
34.39,33.11
37.04,33.67
39.75,34.09
42.51,34.37
45.33,34.49
48.18,34.46
51.06,34.28
53.97,33.94
56.90,33.44
59.83,32.78
62.77,31.96
65.70,30.98
68.61,29.84
71.50,28.54
74.37,27.08
77.19,25.45
79.97,23.67
82.69,21.74
85.35,19.65
87.95,17.41
90.47,15.02
92.90,12.48
95.24,9.80
97.48,6.99
99.62,4.04
101.65,0.96
103.56,-2.25
105.34,-5.57
107.00,-9.01
108.51,-12.56
109.89,-16.20
111.12,-19.95
112.20,-23.78
113.12,-27.70
113.88,-31.69
114.48,-35.76
114.90,-39.88
115.16,-44.06
115.24,-48.28
115.14,-52.54
114.87,-56.84
114.41,-61.15
113.77,-65.48
112.95,-69.82
111.94,-74.15
110.74,-78.47
109.36,-82.78
107.80,-87.06
106.05,-91.30
104.11,-95.50
102.00,-99.65
99.70,-103.73
97.23,-107.75
94.58,-111.69
91.76,-115.55
88.77,-119.32
85.62,-122.99
82.30,-126.55
78.83,-129.99
75.20,-133.32
71.43,-136.52
67.52,-139.58
63.47,-142.50
59.29,-145.27
54.99,-147.90
50.56,-150.36
46.03,-152.66
41.40,-154.79
36.66,-156.74
31.84,-158.52
26.94,-160.12
21.96,-161.53
16.91,-162.75
11.81,-163.78
6.66,-164.62
1.46,-165.26
-3.77,-165.70
-9.02,-165.94
-14.29,-165.98
-19.56,-165.82
-24.84,-165.45
-30.10,-164.89
-35.35,-164.12
-40.57,-163.15
-45.76,-161.98
-50.90,-160.61
-55.98,-159.04
-61.01,-157.29
-65.97,-155.34
-70.85,-153.20
-75.65,-150.88
-80.36,-148.37
-84.96,-145.69
-89.46,-142.84
-93.84,-139.82
-98.10,-136.64
-102.23,-133.30
-106.23,-129.81
-110.08,-126.17
-113.79,-122.40
-117.35,-118.49
-120.74,-114.46
-123.98,-110.31
-127.04,-106.04
-129.93,-101.67
-132.65,-97.21
-135.19,-92.66
-137.54,-88.02
-139.71,-83.31
-141.68,-78.54
-143.47,-73.71
-145.06,-68.84
-146.46,-63.92
-147.66,-58.97
-148.66,-54.00
-149.47,-49.02
-150.08,-44.03
-150.49,-39.04
-150.71,-34.07
-150.73,-29.11
-150.56,-24.18
-150.20,-19.29
-149.65,-14.45
-148.91,-9.65
-147.99,-4.92
-146.89,-0.26
-145.62,4.33
-144.17,8.84
-142.55,13.25
-140.77,17.57
-138.83,21.78
-136.74,25.89
-134.51,29.87
-132.13,33.73
-129.61,37.47
-126.97,41.07
-124.20,44.53
-121.32,47.84
-118.33,51.01
-115.24,54.03
-112.06,56.89
-108.78,59.59
-105.43,62.12
-102.01,64.49
-98.52,66.69
-94.98,68.73
-91.39,70.59
-87.77,72.28
-84.11,73.79
-80.43,75.13
-76.73,76.30
-73.03,77.29
-69.32,78.10
-65.63,78.75
-61.95,79.22
-58.30,79.53
-54.69,79.66
-51.11,79.64
-47.58,79.45
-44.11,79.10
-40.70,78.59
-37.36,77.94
-34.10,77.14
-30.92,76.19
-27.83,75.10
-24.83,73.89
-21.94,72.54
-19.15,71.07
-16.48,69.49
-13.92,67.79
-11.49,65.99
-9.19,64.10
-7.01,62.11
-4.97,60.04
-3.07,57.89
-1.31,55.67
0.30,53.39
1.77,51.05
3.09,48.67
4.26,46.24
5.27,43.79
6.13,41.31
6.84,38.81
7.40,36.30
7.80,33.79
8.05,31.29
8.14,28.81
8.09,26.34
7.88,23.91
7.53,21.51
7.03,19.16
6.39,16.85
5.61,14.61
4.70,12.43
3.65,10.33
2.47,8.30
1.17,6.36
-0.26,4.52
-1.79,2.77
-3.44,1.12
-5.19,-0.42
-7.04,-1.84
-8.98,-3.14
-11.01,-4.32
-13.11,-5.37
-15.30,-6.29
-17.54,-7.07
-19.85,-7.71
-22.21,-8.22
-24.62,-8.57
-27.06,-8.78
-29.53,-8.84
-32.03,-8.74
-34.54,-8.50
-37.06,-8.10
-39.58,-7.55
-42.08,-6.84
-44.58,-5.98
-47.05,-4.97
-49.49,-3.80
-51.89,-2.48
-54.24,-1.02
-56.54,0.60
-58.77,2.36
-60.94,4.26
-63.03,6.30
-65.04,8.48
-66.96,10.78
-68.78,13.22
-70.49,15.78
-72.10,18.46
-73.59,21.25
-74.96,24.15
-76.20,27.15
-77.31,30.25
-78.28,33.44
-79.10,36.71
-79.78,40.07
-80.31,43.49
-80.69,46.97
-80.90,50.52
-80.95,54.11
-80.84,57.74
-80.56,61.41
-80.11,65.11
-79.49,68.82
-78.70,72.54
-77.73,76.27
-76.59,79.99
-75.27,83.70
-73.78,87.38
-72.12,91.04
-70.28,94.66
-68.27,98.23
-66.08,101.74
-63.73,105.20
-61.22,108.58
-58.54,111.89
-55.69,115.11
-52.69,118.23
-49.54,121.26
-46.24,124.18
-42.79,126.98
-39.21,129.67
-35.48,132.22
-31.63,134.64
-27.66,136.92
-23.56,139.05
-19.35,141.03
-15.04,142.86
-10.63,144.52
-6.13,146.01
-1.54,147.33
3.12,148.48
7.86,149.44
12.66,150.22
17.51,150.82
22.40,151.23
27.34,151.45
32.30,151.47
37.29,151.30
42.29,150.93
47.29,150.37
52.29,149.61
57.28,148.65
62.24,147.49
67.18,146.14
72.08,144.59
76.93,142.85
81.73,140.92
86.46,138.79
91.12,136.48
95.71,133.99
100.20,131.31
104.60,128.46
108.90,125.43
113.08,122.24
117.15,118.88
121.10,115.36
124.91,111.68
128.58,107.86
132.11,103.90
135.50,99.80
138.72,95.57
141.78,91.21
144.68,86.74
147.40,82.17
149.95,77.49
152.32,72.71
154.51,67.85
156.50,62.91
158.31,57.90
159.92,52.83
161.34,47.70
162.56,42.53
163.58,37.32
164.40,32.09
165.02,26.83
165.43,21.56
165.65,16.29
165.66,11.03
165.47,5.78
165.08,0.55
164.49,-4.65
163.70,-9.80
162.72,-14.91
161.55,-19.96
160.19,-24.95
158.64,-29.86
156.91,-34.69
155.00,-39.44
152.92,-44.09
150.67,-48.63
148.25,-53.07
145.67,-57.39
142.94,-61.59
140.06,-65.66
137.04,-69.59
133.89,-73.39
130.60,-77.04
127.20,-80.53
123.67,-83.87
120.04,-87.05
116.31,-90.07
112.49,-92.92
108.58,-95.60
104.59,-98.10
100.54,-100.43
96.42,-102.57
92.25,-104.54
88.03,-106.32
83.78,-107.92
79.50,-109.34
75.20,-110.56
70.89,-111.61
66.58,-112.47
62.26,-113.14
57.97,-113.64
53.69,-113.95
49.44,-114.08
45.23,-114.03
41.07,-113.81
36.96,-113.42
32.91,-112.86
28.92,-112.13
25.01,-111.24
21.19,-110.20
17.45,-109.01
13.80,-107.66
10.26,-106.18
6.82,-104.56
3.50,-102.80
0.30,-100.93
-2.78,-98.93
-5.74,-96.82
-8.55,-94.61
-11.24,-92.29
-13.78,-89.89
-16.17,-87.40
-18.42,-84.83
-20.52,-82.20
-22.46,-79.50
-24.25,-76.74
-25.88,-73.94
-27.35,-71.10
-28.66,-68.23
-29.81,-65.34
-30.80,-62.43
-31.63,-59.51
-32.30,-56.59
-32.81,-53.68
-33.16,-50.79
-33.35,-47.92
-33.39,-45.08
-33.28,-42.28
-33.01,-39.53
-32.60,-36.83
-32.05,-34.19
-31.35,-31.62
-30.52,-29.12
-29.56,-26.71
-28.47,-24.38
-27.26,-22.14
-25.93,-20.00
-24.48,-17.97
-22.93,-16.04
-21.29,-14.23
-19.54,-12.55
-17.71,-10.98
-15.80,-9.54
-13.81,-8.24
-11.76,-7.07
-9.64,-6.04
-7.47,-5.15
-5.26,-4.40
-3.00,-3.80
-0.72,-3.35
1.59,-3.05
3.91,-2.89
6.24,-2.89
8.58,-3.04
10.90,-3.34
13.21,-3.79
15.50,-4.39
17.76,-5.13
19.97,-6.03
22.15,-7.07
24.27,-8.25
26.33,-9.57
28.32,-11.03
30.24,-12.62
32.08,-14.34
33.83,-16.19
35.48,-18.16
37.04,-20.25
38.49,-22.44
39.82,-24.75
41.04,-27.16
42.13,-29.66
43.10,-32.25
43.93,-34.93
44.63,-37.68
45.18,-40.50
45.59,-43.39
45.85,-46.33
45.96,-49.32
45.92,-52.35
45.71,-55.42
45.35,-58.51
44.82,-61.63
44.14,-64.75
43.29,-67.88
42.27,-71.00
41.09,-74.11
39.75,-77.20
38.24,-80.26
36.57,-83.29
34.74,-86.27
32.74,-89.19
30.59,-92.06
28.29,-94.86
25.83,-97.59
23.22,-100.23
20.46,-102.78
17.56,-105.24
14.52,-107.59
11.35,-109.83
8.04,-111.95
4.62,-113.95
1.07,-115.82
-2.59,-117.55
-6.36,-119.14
-10.23,-120.58
-14.20,-121.87
-18.25,-123.00
-22.39,-123.97
-26.60,-124.78
-30.88,-125.41
-35.22,-125.88
-39.61,-126.16
-44.05,-126.27
-48.52,-126.19
-53.02,-125.93
-57.54,-125.49
-62.07,-124.86
-66.61,-124.04
-71.14,-123.03
-75.66,-121.83
-80.16,-120.44
-84.63,-118.87
-89.06,-117.10
-93.45,-115.15
-97.78,-113.02
-102.04,-110.70
-106.24,-108.21
-110.35,-105.53
-114.38,-102.68
-118.32,-99.66
-122.15,-96.48
-125.88,-93.13
-129.48,-89.62
-132.97,-85.96
-136.32,-82.15
-139.53,-78.19
-142.60,-74.10
-145.52,-69.88
-148.29,-65.54
-150.90,-61.07
-153.33,-56.50
-155.60,-51.82
-157.69,-47.04
-159.61,-42.17
-161.34,-37.22
-162.88,-32.20
-164.23,-27.11
-165.38,-21.97
-166.34,-16.77
-167.11,-11.53
-167.67,-6.26
-168.03,-0.97
-168.19,4.34
-168.15,9.66
-167.90,14.98
-167.45,20.29
-166.80,25.57
-165.95,30.83
-164.89,36.06
-163.64,41.24
-162.19,46.37
-160.55,51.43
-158.72,56.43
-156.70,61.35
-154.49,66.19
-152.11,70.93
-149.55,75.57
-146.81,80.11
-143.91,84.52
-140.85,88.82
-137.63,92.99
-134.26,97.03
-130.75,100.92
-127.10,104.67
-123.32,108.26
-119.42,111.70
-115.39,114.98
-111.26,118.08
-107.02,121.02
-102.69,123.78
-98.27,126.36
-93.78,128.76
-89.21,130.98
-84.57,133.01
-79.89,134.85
-75.15,136.49
-70.38,137.95
-65.58,139.21
-60.76,140.28
-55.92,141.15
-51.08,141.83
-46.24,142.31
-41.42,142.60
-36.62,142.70
-31.85,142.61
-27.11,142.34
-22.42,141.87
-17.78,141.23
-13.21,140.40
-8.70,139.40
-4.27,138.23
0.07,136.88
4.33,135.38
8.49,133.72
12.54,131.90
16.49,129.93
20.31,127.82
24.02,125.58
27.60,123.20
31.04,120.70
34.35,118.09
37.51,115.36
40.53,112.52
43.39,109.60
46.10,106.58
48.66,103.48
51.05,100.30
53.28,97.06
55.35,93.77
57.24,90.42
58.97,87.02
60.53,83.60
61.92,80.15
63.14,76.68
64.19,73.19
65.07,69.71
65.77,66.23
66.31,62.77
66.69,59.33
66.90,55.91
66.95,52.54
66.83,49.21
66.56,45.93
66.14,42.71
65.57,39.55
64.85,36.47
63.99,33.47
62.99,30.55
61.87,27.73
60.61,25.00
59.23,22.38
57.74,19.87
56.14,17.48
54.44,15.20
52.63,13.05
50.74,11.02
48.76,9.13
46.71,7.37
44.58,5.75
42.40,4.28
40.16,2.95
37.87,1.76
35.54,0.73
33.17,-0.16
30.79,-0.89
28.38,-1.48
25.97,-1.91
23.56,-2.18
21.15,-2.31
18.75,-2.29
16.38,-2.11
14.03,-1.79
11.73,-1.32
9.46,-0.70
7.25,0.06
5.10,0.95
3.01,1.99